60
0 0 84
0 1 39
0 2 78
0 3 79
0 4 91
0 5 19
0 6 33
0 7 76
0 8 27
0 9 55
0 10 47
0 11 62
0 12 36
0 13 51
0 14 95
0 15 91
0 16 63
0 17 71
0 18 14
0 19 60
0 20 1
0 21 24
0 22 13
0 23 80
0 24 15
0 25 40
0 26 12
0 27 10
0 28 99
0 29 21
0 30 51
0 31 83
0 32 61
0 33 29
0 34 63
0 35 52
0 36 49
0 37 97
0 38 29
0 39 77
0 40 52
0 41 76
0 42 40
0 43 89
0 44 28
0 45 35
0 46 80
0 47 91
0 48 6
0 49 94
0 50 52
0 51 8
0 52 19
0 53 66
0 54 89
0 55 34
0 56 6
0 57 2
0 58 45
0 59 6
1 0 23
1 1 97
1 2 90
1 3 85
1 4 26
1 5 53
1 6 37
1 7 76
1 8 51
1 9 66
1 10 53
1 11 3
1 12 43
1 13 93
1 14 93
1 15 72
1 16 28
1 17 73
1 18 63
1 19 35
1 20 68
1 21 16
1 22 44
1 23 88
1 24 82
1 25 33
1 26 22
1 27 89
1 28 35
1 29 68
1 30 95
1 31 58
1 32 65
1 33 85
1 34 43
1 35 92
1 36 39
1 37 81
1 38 68
1 39 91
1 40 48
1 41 21
1 42 95
1 43 92
1 44 14
1 45 88
1 46 64
1 47 43
1 48 61
1 49 28
1 50 78
1 51 30
1 52 44
1 53 22
1 54 18
1 55 27
1 56 55
1 57 41
1 58 16
1 59 90
2 0 10
2 1 12
2 2 49
2 3 76
2 4 98
2 5 93
2 6 68
2 7 38
2 8 74
2 9 36
2 10 29
2 11 23
2 12 58
2 13 24
2 14 15
2 15 73
2 16 12
2 17 79
2 18 16
2 19 74
2 20 7
2 21 95
2 22 5
2 23 52
2 24 17
2 25 24
2 26 79
2 27 73
2 28 65
2 29 96
2 30 63
2 31 75
2 32 9
2 33 13
2 34 52
2 35 7
2 36 6
2 37 20
2 38 46
2 39 81
2 40 57
2 41 75
2 42 5
2 43 15
2 44 99
2 45 20
2 46 88
2 47 12
2 48 99
2 49 5
2 50 87
2 51 7
2 52 0
2 53 92
2 54 59
2 55 18
2 56 16
2 57 39
2 58 91
2 59 81
3 0 35
3 1 55
3 2 57
3 3 45
3 4 68
3 5 9
3 6 53
3 7 75
3 8 30
3 9 99
3 10 57
3 11 87
3 12 74
3 13 62
3 14 3
3 15 74
3 16 83
3 17 92
3 18 87
3 19 83
3 20 97
3 21 74
3 22 90
3 23 98
3 24 66
3 25 49
3 26 16
3 27 83
3 28 88
3 29 7
3 30 64
3 31 24
3 32 62
3 33 22
3 34 70
3 35 31
3 36 32
3 37 23
3 38 7
3 39 63
3 40 22
3 41 65
3 42 51
3 43 97
3 44 28
3 45 54
3 46 71
3 47 11
3 48 47
3 49 59
3 50 94
3 51 45
3 52 33
3 53 84
3 54 43
3 55 0
3 56 34
3 57 59
3 58 83
3 59 23
4 0 67
4 1 48
4 2 48
4 3 30
4 4 71
4 5 18
4 6 62
4 7 4
4 8 41
4 9 69
4 10 67
4 11 63
4 12 34
4 13 18
4 14 60
4 15 62
4 16 73
4 17 32
4 18 74
4 19 20
4 20 92
4 21 68
4 22 65
4 23 25
4 24 53
4 25 8
4 26 26
4 27 87
4 28 68
4 29 9
4 30 11
4 31 36
4 32 57
4 33 59
4 34 66
4 35 28
4 36 77
4 37 28
4 38 32
4 39 18
4 40 98
4 41 0
4 42 82
4 43 33
4 44 18
4 45 43
4 46 95
4 47 91
4 48 76
4 49 69
4 50 12
4 51 68
4 52 38
4 53 77
4 54 94
4 55 91
4 56 86
4 57 20
4 58 79
4 59 54
5 0 29
5 1 90
5 2 90
5 3 87
5 4 49
5 5 57
5 6 16
5 7 27
5 8 86
5 9 49
5 10 46
5 11 84
5 12 49
5 13 29
5 14 18
5 15 68
5 16 72
5 17 13
5 18 60
5 19 49
5 20 83
5 21 72
5 22 17
5 23 22
5 24 49
5 25 12
5 26 13
5 27 36
5 28 32
5 29 93
5 30 90
5 31 62
5 32 83
5 33 81
5 34 49
5 35 33
5 36 39
5 37 65
5 38 60
5 39 25
5 40 15
5 41 7
5 42 10
5 43 64
5 44 36
5 45 28
5 46 33
5 47 9
5 48 42
5 49 93
5 50 58
5 51 26
5 52 65
5 53 76
5 54 48
5 55 15
5 56 88
5 57 62
5 58 51
5 59 20
6 0 55
6 1 42
6 2 82
6 3 39
6 4 24
6 5 32
6 6 72
6 7 63
6 8 98
6 9 33
6 10 89
6 11 13
6 12 41
6 13 0
6 14 78
6 15 77
6 16 29
6 17 11
6 18 86
6 19 72
6 20 4
6 21 44
6 22 98
6 23 70
6 24 21
6 25 47
6 26 86
6 27 9
6 28 9
6 29 38
6 30 30
6 31 65
6 32 80
6 33 13
6 34 5
6 35 5
6 36 45
6 37 78
6 38 69
6 39 44
6 40 11
6 41 58
6 42 57
6 43 52
6 44 59
6 45 36
6 46 30
6 47 88
6 48 47
6 49 16
6 50 60
6 51 52
6 52 61
6 53 59
6 54 23
6 55 82
6 56 7
6 57 9
6 58 92
6 59 16
7 0 48
7 1 22
7 2 82
7 3 29
7 4 35
7 5 87
7 6 34
7 7 81
7 8 65
7 9 3
7 10 25
7 11 77
7 12 62
7 13 83
7 14 30
7 15 22
7 16 19
7 17 61
7 18 10
7 19 67
7 20 78
7 21 71
7 22 20
7 23 40
7 24 31
7 25 43
7 26 23
7 27 38
7 28 53
7 29 15
7 30 55
7 31 1
7 32 38
7 33 38
7 34 30
7 35 73
7 36 26
7 37 64
7 38 55
7 39 91
7 40 68
7 41 80
7 42 69
7 43 31
7 44 64
7 45 0
7 46 53
7 47 84
7 48 61
7 49 64
7 50 51
7 51 40
7 52 36
7 53 71
7 54 80
7 55 67
7 56 15
7 57 3
7 58 6
7 59 68
8 0 18
8 1 61
8 2 70
8 3 56
8 4 0
8 5 0
8 6 30
8 7 26
8 8 65
8 9 85
8 10 18
8 11 34
8 12 66
8 13 87
8 14 65
8 15 31
8 16 88
8 17 18
8 18 15
8 19 50
8 20 82
8 21 67
8 22 90
8 23 19
8 24 39
8 25 70
8 26 86
8 27 54
8 28 73
8 29 93
8 30 23
8 31 92
8 32 55
8 33 93
8 34 49
8 35 55
8 36 93
8 37 79
8 38 81
8 39 59
8 40 65
8 41 99
8 42 93
8 43 32
8 44 87
8 45 58
8 46 63
8 47 75
8 48 77
8 49 79
8 50 26
8 51 60
8 52 47
8 53 16
8 54 79
8 55 86
8 56 87
8 57 66
8 58 41
8 59 61
9 0 59
9 1 64
9 2 53
9 3 14
9 4 57
9 5 3
9 6 70
9 7 51
9 8 83
9 9 51
9 10 11
9 11 48
9 12 51
9 13 4
9 14 81
9 15 38
9 16 63
9 17 45
9 18 14
9 19 41
9 20 24
9 21 40
9 22 1
9 23 71
9 24 57
9 25 81
9 26 58
9 27 44
9 28 47
9 29 99
9 30 5
9 31 7
9 32 64
9 33 59
9 34 22
9 35 21
9 36 63
9 37 92
9 38 73
9 39 46
9 40 43
9 41 85
9 42 95
9 43 94
9 44 89
9 45 76
9 46 33
9 47 53
9 48 21
9 49 47
9 50 94
9 51 46
9 52 88
9 53 96
9 54 18
9 55 45
9 56 78
9 57 76
9 58 90
9 59 25
10 0 76
10 1 96
10 2 33
10 3 40
10 4 56
10 5 55
10 6 62
10 7 19
10 8 47
10 9 36
10 10 65
10 11 91
10 12 21
10 13 60
10 14 86
10 15 10
10 16 37
10 17 19
10 18 64
10 19 59
10 20 67
10 21 59
10 22 5
10 23 56
10 24 56
10 25 24
10 26 1
10 27 34
10 28 0
10 29 92
10 30 60
10 31 77
10 32 88
10 33 93
10 34 17
10 35 44
10 36 48
10 37 79
10 38 63
10 39 96
10 40 15
10 41 29
10 42 88
10 43 36
10 44 89
10 45 74
10 46 47
10 47 27
10 48 94
10 49 12
10 50 86
10 51 62
10 52 71
10 53 92
10 54 18
10 55 28
10 56 16
10 57 20
10 58 62
10 59 17
11 0 12
11 1 22
11 2 94
11 3 1
11 4 16
11 5 11
11 6 46
11 7 64
11 8 91
11 9 10
11 10 61
11 11 7
11 12 39
11 13 49
11 14 43
11 15 29
11 16 24
11 17 91
11 18 56
11 19 19
11 20 3
11 21 43
11 22 81
11 23 75
11 24 35
11 25 99
11 26 3
11 27 52
11 28 20
11 29 66
11 30 69
11 31 32
11 32 88
11 33 64
11 34 34
11 35 5
11 36 76
11 37 80
11 38 69
11 39 68
11 40 90
11 41 31
11 42 75
11 43 29
11 44 80
11 45 18
11 46 59
11 47 5
11 48 10
11 49 15
11 50 24
11 51 13
11 52 58
11 53 5
11 54 88
11 55 94
11 56 5
11 57 92
11 58 46
11 59 25
12 0 58
12 1 16
12 2 58
12 3 47
12 4 81
12 5 92
12 6 52
12 7 58
12 8 72
12 9 22
12 10 26
12 11 63
12 12 53
12 13 1
12 14 93
12 15 34
12 16 20
12 17 52
12 18 40
12 19 30
12 20 67
12 21 64
12 22 44
12 23 26
12 24 70
12 25 33
12 26 21
12 27 75
12 28 25
12 29 68
12 30 1
12 31 84
12 32 85
12 33 60
12 34 32
12 35 66
12 36 52
12 37 84
12 38 25
12 39 25
12 40 7
12 41 51
12 42 88
12 43 61
12 44 53
12 45 82
12 46 95
12 47 73
12 48 34
12 49 35
12 50 4
12 51 2
12 52 0
12 53 48
12 54 29
12 55 70
12 56 82
12 57 50
12 58 46
12 59 7
13 0 19
13 1 48
13 2 92
13 3 4
13 4 8
13 5 24
13 6 71
13 7 61
13 8 9
13 9 96
13 10 86
13 11 16
13 12 47
13 13 75
13 14 77
13 15 0
13 16 57
13 17 73
13 18 74
13 19 92
13 20 9
13 21 78
13 22 94
13 23 10
13 24 27
13 25 23
13 26 80
13 27 9
13 28 74
13 29 27
13 30 17
13 31 93
13 32 76
13 33 9
13 34 98
13 35 84
13 36 34
13 37 69
13 38 45
13 39 43
13 40 65
13 41 32
13 42 60
13 43 12
13 44 8
13 45 37
13 46 13
13 47 65
13 48 11
13 49 88
13 50 58
13 51 21
13 52 66
13 53 52
13 54 31
13 55 94
13 56 76
13 57 12
13 58 3
13 59 51
14 0 39
14 1 21
14 2 45
14 3 16
14 4 30
14 5 43
14 6 0
14 7 64
14 8 12
14 9 46
14 10 8
14 11 78
14 12 78
14 13 68
14 14 91
14 15 86
14 16 6
14 17 4
14 18 52
14 19 17
14 20 92
14 21 10
14 22 38
14 23 59
14 24 63
14 25 70
14 26 53
14 27 40
14 28 82
14 29 57
14 30 92
14 31 22
14 32 78
14 33 37
14 34 38
14 35 9
14 36 80
14 37 38
14 38 74
14 39 93
14 40 84
14 41 83
14 42 71
14 43 63
14 44 51
14 45 62
14 46 50
14 47 57
14 48 67
14 49 2
14 50 75
14 51 59
14 52 13
14 53 14
14 54 19
14 55 77
14 56 84
14 57 73
14 58 18
14 59 66
15 0 31
15 1 10
15 2 88
15 3 10
15 4 47
15 5 27
15 6 19
15 7 28
15 8 65
15 9 94
15 10 22
15 11 50
15 12 77
15 13 93
15 14 14
15 15 29
15 16 56
15 17 64
15 18 87
15 19 23
15 20 67
15 21 62
15 22 83
15 23 81
15 24 77
15 25 2
15 26 59
15 27 61
15 28 76
15 29 77
15 30 28
15 31 7
15 32 88
15 33 17
15 34 17
15 35 35
15 36 44
15 37 37
15 38 64
15 39 10
15 40 32
15 41 86
15 42 60
15 43 10
15 44 80
15 45 74
15 46 39
15 47 36
15 48 39
15 49 27
15 50 59
15 51 6
15 52 90
15 53 43
15 54 88
15 55 67
15 56 46
15 57 47
15 58 29
15 59 22
16 0 24
16 1 57
16 2 30
16 3 12
16 4 74
16 5 48
16 6 48
16 7 19
16 8 85
16 9 13
16 10 29
16 11 18
16 12 0
16 13 90
16 14 28
16 15 80
16 16 65
16 17 68
16 18 17
16 19 4
16 20 95
16 21 77
16 22 11
16 23 86
16 24 20
16 25 99
16 26 53
16 27 66
16 28 46
16 29 82
16 30 89
16 31 71
16 32 40
16 33 19
16 34 83
16 35 15
16 36 67
16 37 32
16 38 34
16 39 53
16 40 45
16 41 64
16 42 71
16 43 46
16 44 54
16 45 0
16 46 26
16 47 19
16 48 69
16 49 44
16 50 23
16 51 65
16 52 21
16 53 34
16 54 51
16 55 42
16 56 34
16 57 5
16 58 9
16 59 80
17 0 87
17 1 98
17 2 52
17 3 28
17 4 18
17 5 35
17 6 43
17 7 85
17 8 68
17 9 78
17 10 38
17 11 14
17 12 42
17 13 10
17 14 60
17 15 96
17 16 10
17 17 86
17 18 15
17 19 80
17 20 31
17 21 39
17 22 45
17 23 53
17 24 74
17 25 97
17 26 95
17 27 8
17 28 2
17 29 5
17 30 89
17 31 89
17 32 3
17 33 41
17 34 18
17 35 21
17 36 77
17 37 62
17 38 7
17 39 46
17 40 40
17 41 45
17 42 60
17 43 83
17 44 56
17 45 20
17 46 80
17 47 67
17 48 7
17 49 96
17 50 47
17 51 38
17 52 35
17 53 93
17 54 91
17 55 10
17 56 90
17 57 87
17 58 19
17 59 92
18 0 92
18 1 8
18 2 82
18 3 96
18 4 50
18 5 0
18 6 18
18 7 28
18 8 62
18 9 26
18 10 74
18 11 3
18 12 72
18 13 35
18 14 87
18 15 28
18 16 55
18 17 67
18 18 95
18 19 62
18 20 63
18 21 43
18 22 0
18 23 99
18 24 36
18 25 92
18 26 9
18 27 26
18 28 80
18 29 29
18 30 18
18 31 72
18 32 38
18 33 0
18 34 69
18 35 88
18 36 1
18 37 88
18 38 17
18 39 63
18 40 14
18 41 92
18 42 67
18 43 87
18 44 27
18 45 54
18 46 15
18 47 82
18 48 22
18 49 11
18 50 45
18 51 86
18 52 54
18 53 46
18 54 85
18 55 90
18 56 38
18 57 95
18 58 17
18 59 18
19 0 24
19 1 36
19 2 91
19 3 62
19 4 36
19 5 61
19 6 51
19 7 37
19 8 50
19 9 69
19 10 1
19 11 65
19 12 61
19 13 69
19 14 52
19 15 89
19 16 24
19 17 67
19 18 72
19 19 46
19 20 78
19 21 17
19 22 32
19 23 33
19 24 63
19 25 18
19 26 24
19 27 2
19 28 13
19 29 41
19 30 21
19 31 38
19 32 77
19 33 12
19 34 1
19 35 14
19 36 74
19 37 53
19 38 52
19 39 24
19 40 22
19 41 54
19 42 89
19 43 84
19 44 23
19 45 41
19 46 73
19 47 47
19 48 9
19 49 46
19 50 94
19 51 88
19 52 64
19 53 26
19 54 21
19 55 27
19 56 44
19 57 45
19 58 30
19 59 58
20 0 87
20 1 51
20 2 97
20 3 65
20 4 64
20 5 98
20 6 79
20 7 38
20 8 51
20 9 32
20 10 63
20 11 74
20 12 86
20 13 53
20 14 58
20 15 9
20 16 95
20 17 32
20 18 57
20 19 4
20 20 78
20 21 51
20 22 92
20 23 42
20 24 78
20 25 13
20 26 70
20 27 23
20 28 59
20 29 0
20 30 81
20 31 47
20 32 52
20 33 79
20 34 12
20 35 16
20 36 77
20 37 92
20 38 55
20 39 29
20 40 24
20 41 19
20 42 3
20 43 11
20 44 72
20 45 61
20 46 21
20 47 67
20 48 93
20 49 78
20 50 72
20 51 72
20 52 30
20 53 64
20 54 15
20 55 9
20 56 78
20 57 85
20 58 32
20 59 38
21 0 86
21 1 14
21 2 85
21 3 39
21 4 93
21 5 98
21 6 55
21 7 70
21 8 90
21 9 11
21 10 0
21 11 15
21 12 30
21 13 3
21 14 26
21 15 3
21 16 64
21 17 47
21 18 71
21 19 58
21 20 26
21 21 43
21 22 31
21 23 57
21 24 8
21 25 46
21 26 66
21 27 86
21 28 32
21 29 98
21 30 24
21 31 19
21 32 12
21 33 10
21 34 58
21 35 6
21 36 8
21 37 14
21 38 76
21 39 98
21 40 25
21 41 76
21 42 14
21 43 56
21 44 80
21 45 41
21 46 59
21 47 44
21 48 89
21 49 31
21 50 3
21 51 15
21 52 74
21 53 34
21 54 73
21 55 82
21 56 81
21 57 39
21 58 69
21 59 14
22 0 37
22 1 93
22 2 34
22 3 50
22 4 4
22 5 92
22 6 56
22 7 12
22 8 6
22 9 33
22 10 11
22 11 32
22 12 10
22 13 25
22 14 88
22 15 90
22 16 66
22 17 48
22 18 35
22 19 55
22 20 80
22 21 39
22 22 71
22 23 54
22 24 74
22 25 44
22 26 37
22 27 55
22 28 84
22 29 6
22 30 70
22 31 22
22 32 0
22 33 4
22 34 72
22 35 4
22 36 96
22 37 29
22 38 16
22 39 3
22 40 63
22 41 28
22 42 36
22 43 73
22 44 53
22 45 24
22 46 64
22 47 20
22 48 73
22 49 0
22 50 76
22 51 53
22 52 39
22 53 48
22 54 8
22 55 13
22 56 92
22 57 45
22 58 69
22 59 76
23 0 52
23 1 39
23 2 98
23 3 53
23 4 43
23 5 71
23 6 57
23 7 40
23 8 1
23 9 74
23 10 44
23 11 64
23 12 3
23 13 80
23 14 38
23 15 56
23 16 5
23 17 3
23 18 77
23 19 79
23 20 3
23 21 53
23 22 32
23 23 42
23 24 2
23 25 41
23 26 56
23 27 94
23 28 87
23 29 25
23 30 71
23 31 39
23 32 65
23 33 70
23 34 93
23 35 8
23 36 42
23 37 51
23 38 49
23 39 43
23 40 26
23 41 94
23 42 8
23 43 29
23 44 74
23 45 47
23 46 86
23 47 80
23 48 50
23 49 63
23 50 59
23 51 54
23 52 17
23 53 92
23 54 97
23 55 19
23 56 34
23 57 53
23 58 14
23 59 21
24 0 79
24 1 86
24 2 61
24 3 44
24 4 56
24 5 54
24 6 53
24 7 99
24 8 5
24 9 3
24 10 43
24 11 32
24 12 97
24 13 51
24 14 61
24 15 72
24 16 99
24 17 47
24 18 52
24 19 50
24 20 10
24 21 12
24 22 4
24 23 28
24 24 5
24 25 2
24 26 47
24 27 39
24 28 55
24 29 62
24 30 60
24 31 35
24 32 48
24 33 21
24 34 79
24 35 5
24 36 76
24 37 32
24 38 4
24 39 82
24 40 35
24 41 48
24 42 14
24 43 32
24 44 99
24 45 75
24 46 5
24 47 99
24 48 22
24 49 57
24 50 49
24 51 33
24 52 70
24 53 54
24 54 62
24 55 75
24 56 56
24 57 10
24 58 14
24 59 11
25 0 72
25 1 74
25 2 47
25 3 21
25 4 96
25 5 26
25 6 26
25 7 72
25 8 59
25 9 31
25 10 54
25 11 94
25 12 79
25 13 69
25 14 27
25 15 79
25 16 44
25 17 32
25 18 78
25 19 67
25 20 90
25 21 27
25 22 1
25 23 60
25 24 81
25 25 63
25 26 36
25 27 38
25 28 74
25 29 50
25 30 50
25 31 46
25 32 25
25 33 97
25 34 67
25 35 21
25 36 23
25 37 94
25 38 94
25 39 82
25 40 25
25 41 48
25 42 77
25 43 5
25 44 17
25 45 4
25 46 84
25 47 62
25 48 37
25 49 63
25 50 30
25 51 28
25 52 90
25 53 31
25 54 89
25 55 72
25 56 95
25 57 25
25 58 10
25 59 69
26 0 75
26 1 60
26 2 16
26 3 1
26 4 58
26 5 84
26 6 22
26 7 81
26 8 78
26 9 16
26 10 64
26 11 4
26 12 65
26 13 41
26 14 9
26 15 83
26 16 46
26 17 94
26 18 46
26 19 83
26 20 57
26 21 76
26 22 12
26 23 48
26 24 8
26 25 1
26 26 21
26 27 3
26 28 26
26 29 32
26 30 73
26 31 2
26 32 93
26 33 90
26 34 4
26 35 51
26 36 74
26 37 26
26 38 32
26 39 53
26 40 43
26 41 96
26 42 57
26 43 9
26 44 38
26 45 67
26 46 92
26 47 84
26 48 62
26 49 38
26 50 68
26 51 19
26 52 14
26 53 80
26 54 68
26 55 23
26 56 82
26 57 89
26 58 26
26 59 9
27 0 21
27 1 0
27 2 11
27 3 14
27 4 90
27 5 16
27 6 65
27 7 64
27 8 42
27 9 98
27 10 18
27 11 86
27 12 95
27 13 75
27 14 95
27 15 33
27 16 43
27 17 88
27 18 17
27 19 6
27 20 26
27 21 86
27 22 25
27 23 41
27 24 66
27 25 93
27 26 64
27 27 48
27 28 82
27 29 91
27 30 57
27 31 4
27 32 91
27 33 69
27 34 19
27 35 82
27 36 85
27 37 84
27 38 47
27 39 28
27 40 83
27 41 65
27 42 15
27 43 78
27 44 41
27 45 10
27 46 11
27 47 84
27 48 98
27 49 29
27 50 90
27 51 25
27 52 15
27 53 16
27 54 67
27 55 82
27 56 10
27 57 31
27 58 31
27 59 93
28 0 23
28 1 89
28 2 97
28 3 15
28 4 59
28 5 16
28 6 97
28 7 45
28 8 1
28 9 44
28 10 74
28 11 84
28 12 9
28 13 89
28 14 63
28 15 50
28 16 99
28 17 74
28 18 35
28 19 98
28 20 4
28 21 26
28 22 23
28 23 20
28 24 42
28 25 90
28 26 3
28 27 52
28 28 22
28 29 34
28 30 46
28 31 45
28 32 24
28 33 43
28 34 61
28 35 83
28 36 60
28 37 58
28 38 29
28 39 61
28 40 3
28 41 3
28 42 46
28 43 13
28 44 93
28 45 9
28 46 64
28 47 92
28 48 84
28 49 99
28 50 90
28 51 88
28 52 25
28 53 14
28 54 8
28 55 68
28 56 4
28 57 12
28 58 21
28 59 27
29 0 46
29 1 67
29 2 72
29 3 71
29 4 11
29 5 33
29 6 55
29 7 71
29 8 92
29 9 84
29 10 33
29 11 96
29 12 88
29 13 79
29 14 9
29 15 81
29 16 88
29 17 73
29 18 74
29 19 72
29 20 73
29 21 65
29 22 61
29 23 99
29 24 79
29 25 70
29 26 67
29 27 84
29 28 82
29 29 89
29 30 11
29 31 29
29 32 57
29 33 84
29 34 0
29 35 68
29 36 18
29 37 55
29 38 40
29 39 11
29 40 40
29 41 73
29 42 7
29 43 28
29 44 52
29 45 17
29 46 10
29 47 41
29 48 90
29 49 84
29 50 14
29 51 63
29 52 49
29 53 75
29 54 62
29 55 29
29 56 46
29 57 30
29 58 13
29 59 28
30 0 19
30 1 25
30 2 57
30 3 77
30 4 10
30 5 57
30 6 46
30 7 28
30 8 13
30 9 86
30 10 39
30 11 53
30 12 59
30 13 47
30 14 81
30 15 12
30 16 64
30 17 91
30 18 54
30 19 55
30 20 76
30 21 69
30 22 18
30 23 25
30 24 44
30 25 81
30 26 55
30 27 91
30 28 12
30 29 68
30 30 19
30 31 32
30 32 94
30 33 77
30 34 9
30 35 4
30 36 35
30 37 55
30 38 33
30 39 48
30 40 41
30 41 72
30 42 1
30 43 1
30 44 20
30 45 83
30 46 14
30 47 84
30 48 75
30 49 69
30 50 40
30 51 51
30 52 38
30 53 59
30 54 77
30 55 83
30 56 40
30 57 32
30 58 74
30 59 52
31 0 1
31 1 93
31 2 84
31 3 95
31 4 71
31 5 94
31 6 0
31 7 6
31 8 49
31 9 33
31 10 54
31 11 91
31 12 6
31 13 56
31 14 93
31 15 26
31 16 40
31 17 7
31 18 11
31 19 16
31 20 77
31 21 51
31 22 67
31 23 15
31 24 10
31 25 45
31 26 98
31 27 51
31 28 78
31 29 73
31 30 4
31 31 79
31 32 67
31 33 88
31 34 75
31 35 38
31 36 83
31 37 76
31 38 44
31 39 32
31 40 9
31 41 99
31 42 23
31 43 15
31 44 56
31 45 16
31 46 42
31 47 97
31 48 24
31 49 54
31 50 13
31 51 1
31 52 6
31 53 81
31 54 17
31 55 17
31 56 26
31 57 16
31 58 68
31 59 5
32 0 89
32 1 72
32 2 84
32 3 56
32 4 61
32 5 60
32 6 95
32 7 44
32 8 36
32 9 40
32 10 77
32 11 46
32 12 39
32 13 0
32 14 62
32 15 96
32 16 17
32 17 4
32 18 93
32 19 42
32 20 59
32 21 6
32 22 44
32 23 65
32 24 87
32 25 62
32 26 82
32 27 14
32 28 78
32 29 50
32 30 19
32 31 67
32 32 23
32 33 4
32 34 24
32 35 84
32 36 65
32 37 19
32 38 29
32 39 2
32 40 59
32 41 6
32 42 48
32 43 99
32 44 7
32 45 11
32 46 95
32 47 25
32 48 15
32 49 89
32 50 68
32 51 74
32 52 96
32 53 12
32 54 40
32 55 84
32 56 74
32 57 22
32 58 98
32 59 52
33 0 73
33 1 18
33 2 20
33 3 96
33 4 23
33 5 45
33 6 81
33 7 89
33 8 64
33 9 10
33 10 92
33 11 24
33 12 17
33 13 40
33 14 23
33 15 24
33 16 51
33 17 19
33 18 50
33 19 67
33 20 8
33 21 18
33 22 42
33 23 4
33 24 30
33 25 82
33 26 88
33 27 5
33 28 5
33 29 87
33 30 58
33 31 78
33 32 6
33 33 78
33 34 74
33 35 30
33 36 23
33 37 56
33 38 19
33 39 88
33 40 67
33 41 11
33 42 12
33 43 84
33 44 52
33 45 35
33 46 9
33 47 4
33 48 55
33 49 59
33 50 72
33 51 63
33 52 77
33 53 15
33 54 68
33 55 8
33 56 98
33 57 57
33 58 13
33 59 3
34 0 44
34 1 71
34 2 81
34 3 51
34 4 50
34 5 56
34 6 81
34 7 74
34 8 13
34 9 1
34 10 62
34 11 80
34 12 13
34 13 75
34 14 65
34 15 66
34 16 10
34 17 74
34 18 71
34 19 66
34 20 33
34 21 44
34 22 29
34 23 11
34 24 59
34 25 98
34 26 19
34 27 57
34 28 55
34 29 33
34 30 60
34 31 0
34 32 4
34 33 42
34 34 52
34 35 55
34 36 98
34 37 34
34 38 29
34 39 11
34 40 36
34 41 92
34 42 92
34 43 49
34 44 67
34 45 57
34 46 16
34 47 78
34 48 31
34 49 88
34 50 44
34 51 65
34 52 32
34 53 74
34 54 77
34 55 92
34 56 72
34 57 96
34 58 49
34 59 28
35 0 30
35 1 10
35 2 28
35 3 35
35 4 52
35 5 81
35 6 90
35 7 51
35 8 15
35 9 20
35 10 63
35 11 51
35 12 12
35 13 55
35 14 1
35 15 80
35 16 12
35 17 17
35 18 58
35 19 44
35 20 6
35 21 2
35 22 10
35 23 38
35 24 77
35 25 87
35 26 30
35 27 49
35 28 84
35 29 80
35 30 78
35 31 14
35 32 90
35 33 6
35 34 49
35 35 43
35 36 88
35 37 39
35 38 94
35 39 3
35 40 59
35 41 58
35 42 54
35 43 72
35 44 13
35 45 55
35 46 52
35 47 26
35 48 73
35 49 11
35 50 71
35 51 79
35 52 13
35 53 81
35 54 18
35 55 91
35 56 68
35 57 49
35 58 40
35 59 52
36 0 29
36 1 18
36 2 67
36 3 20
36 4 25
36 5 16
36 6 63
36 7 14
36 8 55
36 9 58
36 10 17
36 11 15
36 12 16
36 13 71
36 14 88
36 15 29
36 16 27
36 17 40
36 18 56
36 19 1
36 20 51
36 21 28
36 22 81
36 23 65
36 24 9
36 25 0
36 26 56
36 27 78
36 28 49
36 29 97
36 30 31
36 31 79
36 32 16
36 33 98
36 34 99
36 35 42
36 36 14
36 37 62
36 38 56
36 39 70
36 40 20
36 41 73
36 42 86
36 43 37
36 44 45
36 45 74
36 46 66
36 47 73
36 48 15
36 49 23
36 50 75
36 51 66
36 52 51
36 53 56
36 54 32
36 55 61
36 56 56
36 57 89
36 58 40
36 59 6
37 0 86
37 1 71
37 2 85
37 3 3
37 4 70
37 5 85
37 6 45
37 7 85
37 8 48
37 9 2
37 10 56
37 11 69
37 12 75
37 13 42
37 14 6
37 15 21
37 16 16
37 17 73
37 18 94
37 19 32
37 20 96
37 21 69
37 22 99
37 23 48
37 24 26
37 25 31
37 26 10
37 27 83
37 28 21
37 29 50
37 30 89
37 31 7
37 32 22
37 33 75
37 34 11
37 35 92
37 36 60
37 37 56
37 38 78
37 39 8
37 40 59
37 41 34
37 42 78
37 43 34
37 44 77
37 45 84
37 46 56
37 47 93
37 48 57
37 49 51
37 50 26
37 51 54
37 52 21
37 53 25
37 54 3
37 55 47
37 56 56
37 57 13
37 58 30
37 59 78
38 0 63
38 1 20
38 2 85
38 3 85
38 4 95
38 5 97
38 6 78
38 7 56
38 8 54
38 9 57
38 10 65
38 11 13
38 12 91
38 13 43
38 14 48
38 15 68
38 16 27
38 17 4
38 18 62
38 19 85
38 20 55
38 21 88
38 22 39
38 23 77
38 24 14
38 25 42
38 26 24
38 27 71
38 28 56
38 29 55
38 30 49
38 31 20
38 32 76
38 33 35
38 34 5
38 35 72
38 36 32
38 37 84
38 38 28
38 39 86
38 40 41
38 41 94
38 42 99
38 43 33
38 44 37
38 45 47
38 46 2
38 47 65
38 48 52
38 49 65
38 50 50
38 51 8
38 52 54
38 53 90
38 54 85
38 55 68
38 56 33
38 57 10
38 58 39
38 59 89
39 0 66
39 1 88
39 2 9
39 3 42
39 4 23
39 5 15
39 6 14
39 7 55
39 8 0
39 9 43
39 10 42
39 11 41
39 12 37
39 13 42
39 14 75
39 15 75
39 16 89
39 17 78
39 18 40
39 19 41
39 20 43
39 21 90
39 22 50
39 23 97
39 24 80
39 25 35
39 26 65
39 27 13
39 28 45
39 29 5
39 30 3
39 31 11
39 32 93
39 33 12
39 34 53
39 35 17
39 36 28
39 37 68
39 38 73
39 39 28
39 40 12
39 41 15
39 42 69
39 43 50
39 44 57
39 45 45
39 46 25
39 47 47
39 48 23
39 49 66
39 50 89
39 51 66
39 52 56
39 53 39
39 54 64
39 55 37
39 56 74
39 57 30
39 58 51
39 59 20
40 0 35
40 1 54
40 2 31
40 3 29
40 4 67
40 5 85
40 6 47
40 7 95
40 8 54
40 9 20
40 10 23
40 11 66
40 12 36
40 13 93
40 14 17
40 15 94
40 16 39
40 17 42
40 18 42
40 19 62
40 20 8
40 21 31
40 22 29
40 23 65
40 24 71
40 25 94
40 26 3
40 27 46
40 28 24
40 29 55
40 30 66
40 31 60
40 32 10
40 33 97
40 34 90
40 35 77
40 36 82
40 37 37
40 38 73
40 39 36
40 40 58
40 41 96
40 42 3
40 43 95
40 44 90
40 45 20
40 46 89
40 47 29
40 48 63
40 49 32
40 50 92
40 51 72
40 52 63
40 53 22
40 54 38
40 55 35
40 56 16
40 57 41
40 58 81
40 59 41
41 0 97
41 1 47
41 2 2
41 3 7
41 4 45
41 5 92
41 6 85
41 7 28
41 8 30
41 9 58
41 10 65
41 11 89
41 12 55
41 13 69
41 14 84
41 15 46
41 16 89
41 17 74
41 18 75
41 19 53
41 20 6
41 21 68
41 22 25
41 23 70
41 24 90
41 25 63
41 26 5
41 27 7
41 28 5
41 29 87
41 30 48
41 31 2
41 32 34
41 33 51
41 34 10
41 35 80
41 36 43
41 37 95
41 38 8
41 39 74
41 40 53
41 41 74
41 42 63
41 43 9
41 44 43
41 45 48
41 46 55
41 47 32
41 48 22
41 49 31
41 50 85
41 51 29
41 52 99
41 53 11
41 54 99
41 55 90
41 56 75
41 57 5
41 58 97
41 59 80
42 0 92
42 1 46
42 2 83
42 3 27
42 4 97
42 5 93
42 6 7
42 7 41
42 8 89
42 9 16
42 10 16
42 11 42
42 12 91
42 13 80
42 14 52
42 15 34
42 16 28
42 17 7
42 18 67
42 19 50
42 20 38
42 21 53
42 22 80
42 23 38
42 24 64
42 25 79
42 26 28
42 27 39
42 28 84
42 29 26
42 30 20
42 31 77
42 32 73
42 33 3
42 34 4
42 35 71
42 36 97
42 37 12
42 38 13
42 39 86
42 40 29
42 41 29
42 42 29
42 43 20
42 44 9
42 45 81
42 46 54
42 47 37
42 48 89
42 49 21
42 50 88
42 51 28
42 52 74
42 53 68
42 54 66
42 55 39
42 56 48
42 57 95
42 58 79
42 59 33
43 0 21
43 1 99
43 2 10
43 3 94
43 4 3
43 5 14
43 6 66
43 7 0
43 8 27
43 9 79
43 10 87
43 11 56
43 12 8
43 13 16
43 14 76
43 15 18
43 16 98
43 17 30
43 18 55
43 19 88
43 20 52
43 21 44
43 22 16
43 23 27
43 24 13
43 25 82
43 26 66
43 27 61
43 28 77
43 29 45
43 30 94
43 31 99
43 32 45
43 33 4
43 34 94
43 35 48
43 36 19
43 37 60
43 38 48
43 39 46
43 40 39
43 41 36
43 42 2
43 43 48
43 44 53
43 45 79
43 46 66
43 47 51
43 48 9
43 49 22
43 50 40
43 51 62
43 52 67
43 53 56
43 54 89
43 55 80
43 56 39
43 57 56
43 58 42
43 59 17
44 0 2
44 1 36
44 2 17
44 3 47
44 4 41
44 5 11
44 6 96
44 7 61
44 8 71
44 9 45
44 10 7
44 11 11
44 12 81
44 13 10
44 14 59
44 15 34
44 16 89
44 17 26
44 18 86
44 19 99
44 20 48
44 21 26
44 22 62
44 23 15
44 24 83
44 25 52
44 26 96
44 27 23
44 28 8
44 29 38
44 30 40
44 31 11
44 32 74
44 33 57
44 34 59
44 35 16
44 36 69
44 37 55
44 38 77
44 39 40
44 40 0
44 41 85
44 42 52
44 43 82
44 44 96
44 45 11
44 46 16
44 47 85
44 48 38
44 49 2
44 50 85
44 51 86
44 52 29
44 53 47
44 54 2
44 55 13
44 56 99
44 57 98
44 58 36
44 59 8
45 0 36
45 1 76
45 2 20
45 3 11
45 4 34
45 5 79
45 6 27
45 7 3
45 8 35
45 9 5
45 10 44
45 11 36
45 12 90
45 13 96
45 14 18
45 15 86
45 16 8
45 17 35
45 18 72
45 19 46
45 20 38
45 21 58
45 22 33
45 23 67
45 24 6
45 25 35
45 26 81
45 27 6
45 28 33
45 29 17
45 30 15
45 31 70
45 32 93
45 33 35
45 34 81
45 35 28
45 36 15
45 37 9
45 38 31
45 39 50
45 40 14
45 41 75
45 42 87
45 43 5
45 44 72
45 45 5
45 46 92
45 47 81
45 48 41
45 49 65
45 50 28
45 51 79
45 52 23
45 53 61
45 54 47
45 55 29
45 56 96
45 57 28
45 58 36
45 59 30
46 0 45
46 1 51
46 2 1
46 3 39
46 4 86
46 5 82
46 6 67
46 7 1
46 8 92
46 9 99
46 10 52
46 11 6
46 12 75
46 13 40
46 14 12
46 15 47
46 16 46
46 17 4
46 18 29
46 19 87
46 20 69
46 21 57
46 22 66
46 23 93
46 24 18
46 25 14
46 26 23
46 27 15
46 28 42
46 29 59
46 30 46
46 31 88
46 32 10
46 33 47
46 34 27
46 35 97
46 36 29
46 37 95
46 38 99
46 39 22
46 40 94
46 41 52
46 42 29
46 43 69
46 44 92
46 45 41
46 46 17
46 47 38
46 48 46
46 49 46
46 50 25
46 51 16
46 52 3
46 53 92
46 54 9
46 55 22
46 56 6
46 57 33
46 58 37
46 59 49
47 0 92
47 1 83
47 2 37
47 3 3
47 4 30
47 5 65
47 6 0
47 7 60
47 8 60
47 9 0
47 10 83
47 11 54
47 12 52
47 13 12
47 14 24
47 15 45
47 16 53
47 17 41
47 18 83
47 19 0
47 20 88
47 21 9
47 22 16
47 23 91
47 24 2
47 25 26
47 26 13
47 27 8
47 28 60
47 29 51
47 30 58
47 31 52
47 32 35
47 33 96
47 34 56
47 35 66
47 36 61
47 37 57
47 38 27
47 39 22
47 40 57
47 41 10
47 42 77
47 43 10
47 44 22
47 45 1
47 46 55
47 47 76
47 48 43
47 49 38
47 50 76
47 51 31
47 52 48
47 53 93
47 54 23
47 55 50
47 56 20
47 57 36
47 58 59
47 59 80
48 0 88
48 1 17
48 2 33
48 3 23
48 4 13
48 5 89
48 6 89
48 7 75
48 8 46
48 9 16
48 10 97
48 11 4
48 12 27
48 13 74
48 14 14
48 15 49
48 16 76
48 17 69
48 18 26
48 19 19
48 20 8
48 21 3
48 22 50
48 23 56
48 24 97
48 25 73
48 26 6
48 27 17
48 28 10
48 29 65
48 30 98
48 31 99
48 32 83
48 33 32
48 34 22
48 35 96
48 36 22
48 37 12
48 38 72
48 39 68
48 40 29
48 41 69
48 42 73
48 43 56
48 44 44
48 45 87
48 46 5
48 47 20
48 48 57
48 49 32
48 50 39
48 51 65
48 52 35
48 53 89
48 54 22
48 55 32
48 56 63
48 57 28
48 58 49
48 59 74
49 0 94
49 1 48
49 2 73
49 3 77
49 4 80
49 5 96
49 6 74
49 7 2
49 8 8
49 9 46
49 10 71
49 11 37
49 12 15
49 13 45
49 14 94
49 15 59
49 16 32
49 17 0
49 18 79
49 19 90
49 20 32
49 21 19
49 22 55
49 23 67
49 24 8
49 25 77
49 26 99
49 27 72
49 28 6
49 29 49
49 30 47
49 31 0
49 32 98
49 33 20
49 34 78
49 35 78
49 36 17
49 37 52
49 38 81
49 39 25
49 40 98
49 41 53
49 42 63
49 43 14
49 44 98
49 45 57
49 46 73
49 47 31
49 48 57
49 49 53
49 50 21
49 51 89
49 52 72
49 53 77
49 54 57
49 55 81
49 56 54
49 57 56
49 58 54
49 59 61
50 0 5
50 1 1
50 2 62
50 3 3
50 4 22
50 5 40
50 6 82
50 7 39
50 8 92
50 9 64
50 10 64
50 11 91
50 12 18
50 13 28
50 14 5
50 15 17
50 16 86
50 17 78
50 18 48
50 19 44
50 20 32
50 21 70
50 22 34
50 23 5
50 24 47
50 25 91
50 26 86
50 27 2
50 28 47
50 29 40
50 30 63
50 31 53
50 32 42
50 33 26
50 34 57
50 35 64
50 36 66
50 37 40
50 38 3
50 39 58
50 40 5
50 41 68
50 42 49
50 43 24
50 44 97
50 45 55
50 46 41
50 47 83
50 48 33
50 49 90
50 50 27
50 51 66
50 52 60
50 53 61
50 54 71
50 55 7
50 56 53
50 57 58
50 58 10
50 59 1
51 0 98
51 1 73
51 2 55
51 3 41
51 4 99
51 5 12
51 6 5
51 7 66
51 8 53
51 9 8
51 10 25
51 11 58
51 12 77
51 13 75
51 14 83
51 15 74
51 16 30
51 17 24
51 18 58
51 19 64
51 20 14
51 21 85
51 22 30
51 23 75
51 24 47
51 25 2
51 26 82
51 27 1
51 28 60
51 29 93
51 30 2
51 31 59
51 32 67
51 33 57
51 34 0
51 35 67
51 36 70
51 37 5
51 38 33
51 39 24
51 40 14
51 41 58
51 42 82
51 43 91
51 44 33
51 45 65
51 46 66
51 47 64
51 48 90
51 49 24
51 50 28
51 51 5
51 52 10
51 53 59
51 54 80
51 55 57
51 56 61
51 57 63
51 58 59
51 59 21
52 0 56
52 1 61
52 2 80
52 3 23
52 4 19
52 5 80
52 6 90
52 7 89
52 8 86
52 9 23
52 10 13
52 11 0
52 12 82
52 13 96
52 14 92
52 15 16
52 16 62
52 17 58
52 18 80
52 19 53
52 20 82
52 21 8
52 22 58
52 23 93
52 24 67
52 25 38
52 26 51
52 27 29
52 28 1
52 29 10
52 30 50
52 31 58
52 32 71
52 33 30
52 34 81
52 35 91
52 36 11
52 37 72
52 38 81
52 39 97
52 40 96
52 41 95
52 42 97
52 43 78
52 44 91
52 45 90
52 46 95
52 47 54
52 48 48
52 49 75
52 50 8
52 51 31
52 52 84
52 53 66
52 54 24
52 55 52
52 56 5
52 57 75
52 58 81
52 59 7
53 0 85
53 1 31
53 2 65
53 3 57
53 4 62
53 5 46
53 6 49
53 7 74
53 8 19
53 9 30
53 10 71
53 11 15
53 12 25
53 13 69
53 14 93
53 15 17
53 16 59
53 17 89
53 18 72
53 19 8
53 20 64
53 21 80
53 22 40
53 23 48
53 24 46
53 25 64
53 26 1
53 27 52
53 28 40
53 29 82
53 30 59
53 31 26
53 32 13
53 33 24
53 34 84
53 35 76
53 36 71
53 37 33
53 38 50
53 39 90
53 40 63
53 41 22
53 42 5
53 43 88
53 44 92
53 45 99
53 46 6
53 47 52
53 48 89
53 49 78
53 50 60
53 51 53
53 52 58
53 53 1
53 54 2
53 55 5
53 56 65
53 57 3
53 58 57
53 59 6
54 0 85
54 1 17
54 2 32
54 3 99
54 4 41
54 5 16
54 6 76
54 7 13
54 8 50
54 9 27
54 10 3
54 11 13
54 12 50
54 13 9
54 14 2
54 15 42
54 16 9
54 17 8
54 18 94
54 19 98
54 20 86
54 21 55
54 22 52
54 23 45
54 24 56
54 25 54
54 26 50
54 27 22
54 28 58
54 29 8
54 30 29
54 31 44
54 32 25
54 33 61
54 34 44
54 35 67
54 36 78
54 37 21
54 38 80
54 39 28
54 40 48
54 41 84
54 42 42
54 43 98
54 44 94
54 45 44
54 46 41
54 47 3
54 48 53
54 49 35
54 50 2
54 51 39
54 52 91
54 53 55
54 54 85
54 55 48
54 56 9
54 57 36
54 58 71
54 59 68
55 0 44
55 1 0
55 2 13
55 3 70
55 4 61
55 5 57
55 6 38
55 7 40
55 8 78
55 9 18
55 10 69
55 11 27
55 12 3
55 13 11
55 14 25
55 15 97
55 16 56
55 17 66
55 18 1
55 19 9
55 20 2
55 21 4
55 22 49
55 23 94
55 24 59
55 25 34
55 26 43
55 27 69
55 28 70
55 29 14
55 30 37
55 31 15
55 32 14
55 33 50
55 34 85
55 35 76
55 36 8
55 37 23
55 38 16
55 39 86
55 40 42
55 41 85
55 42 14
55 43 45
55 44 97
55 45 39
55 46 42
55 47 53
55 48 6
55 49 44
55 50 63
55 51 9
55 52 48
55 53 12
55 54 4
55 55 7
55 56 46
55 57 47
55 58 76
55 59 16
56 0 61
56 1 13
56 2 31
56 3 75
56 4 64
56 5 17
56 6 52
56 7 72
56 8 40
56 9 68
56 10 59
56 11 83
56 12 54
56 13 73
56 14 28
56 15 52
56 16 13
56 17 71
56 18 5
56 19 20
56 20 16
56 21 68
56 22 30
56 23 64
56 24 81
56 25 34
56 26 71
56 27 27
56 28 82
56 29 48
56 30 44
56 31 43
56 32 62
56 33 76
56 34 19
56 35 26
56 36 93
56 37 71
56 38 99
56 39 34
56 40 40
56 41 58
56 42 17
56 43 95
56 44 32
56 45 46
56 46 47
56 47 46
56 48 18
56 49 53
56 50 67
56 51 34
56 52 22
56 53 97
56 54 98
56 55 3
56 56 32
56 57 70
56 58 30
56 59 14
57 0 18
57 1 75
57 2 58
57 3 80
57 4 51
57 5 77
57 6 6
57 7 44
57 8 49
57 9 6
57 10 78
57 11 90
57 12 65
57 13 96
57 14 85
57 15 97
57 16 42
57 17 32
57 18 44
57 19 61
57 20 85
57 21 11
57 22 95
57 23 7
57 24 8
57 25 93
57 26 10
57 27 40
57 28 64
57 29 41
57 30 55
57 31 82
57 32 16
57 33 13
57 34 62
57 35 67
57 36 91
57 37 69
57 38 12
57 39 41
57 40 75
57 41 90
57 42 31
57 43 41
57 44 87
57 45 16
57 46 38
57 47 29
57 48 48
57 49 83
57 50 90
57 51 33
57 52 94
57 53 86
57 54 41
57 55 3
57 56 79
57 57 52
57 58 44
57 59 44
58 0 93
58 1 99
58 2 26
58 3 9
58 4 13
58 5 89
58 6 77
58 7 4
58 8 58
58 9 89
58 10 45
58 11 34
58 12 80
58 13 76
58 14 75
58 15 67
58 16 93
58 17 14
58 18 97
58 19 41
58 20 98
58 21 88
58 22 75
58 23 92
58 24 74
58 25 16
58 26 96
58 27 54
58 28 68
58 29 40
58 30 98
58 31 62
58 32 40
58 33 25
58 34 72
58 35 53
58 36 14
58 37 49
58 38 58
58 39 73
58 40 39
58 41 4
58 42 8
58 43 20
58 44 81
58 45 84
58 46 87
58 47 74
58 48 98
58 49 85
58 50 16
58 51 97
58 52 74
58 53 91
58 54 89
58 55 48
58 56 8
58 57 86
58 58 3
58 59 77
59 0 26
59 1 2
59 2 39
59 3 66
59 4 27
59 5 12
59 6 20
59 7 42
59 8 62
59 9 79
59 10 15
59 11 1
59 12 83
59 13 23
59 14 22
59 15 64
59 16 8
59 17 9
59 18 39
59 19 6
59 20 95
59 21 55
59 22 3
59 23 69
59 24 46
59 25 93
59 26 18
59 27 55
59 28 79
59 29 22
59 30 32
59 31 6
59 32 24
59 33 72
59 34 73
59 35 52
59 36 85
59 37 94
59 38 95
59 39 47
59 40 73
59 41 10
59 42 49
59 43 56
59 44 34
59 45 71
59 46 21
59 47 42
59 48 81
59 49 60
59 50 49
59 51 76
59 52 15
59 53 53
59 54 46
59 55 62
59 56 47
59 57 64
59 58 18
59 59 27
