400
0 25 183
0 45 185
0 54 181
0 98 187
0 106 202
0 120 220
0 135 187
0 155 219
0 173 188
0 186 208
0 194 194
0 195 219
0 205 214
0 207 207
0 220 184
0 230 187
0 240 212
0 250 211
0 252 202
0 271 201
0 275 180
0 290 197
0 362 191
0 364 191
0 365 210
0 388 214
0 394 203
1 24 189
1 25 198
1 91 196
1 122 206
1 125 187
1 141 194
1 184 208
1 195 189
1 215 191
1 217 192
1 237 203
1 240 197
1 243 181
1 249 180
1 272 206
1 280 194
1 285 183
1 291 194
1 334 205
1 350 197
1 372 199
2 39 217
2 67 214
2 72 204
2 78 216
2 102 188
2 104 183
2 116 184
2 133 183
2 174 218
2 195 201
2 197 198
2 222 218
2 239 188
2 241 191
2 279 184
2 302 194
2 350 203
2 371 181
2 387 211
3 12 181
3 88 204
3 95 180
3 106 190
3 138 196
3 162 214
3 249 207
3 280 188
3 285 195
3 290 219
3 295 211
3 359 217
3 363 210
3 366 196
3 380 198
4 3 211
4 12 183
4 39 212
4 72 215
4 99 201
4 132 184
4 136 198
4 153 183
4 167 210
4 182 210
4 225 215
4 270 208
4 279 186
4 303 192
4 317 181
4 322 185
4 328 203
4 349 198
4 360 216
4 391 207
5 9 200
5 16 187
5 18 209
5 55 181
5 61 197
5 88 200
5 96 185
5 157 208
5 172 208
5 198 215
5 214 195
5 217 190
5 238 191
5 259 201
5 272 212
5 315 206
5 323 201
5 350 211
5 358 182
5 374 208
6 3 190
6 8 213
6 50 187
6 56 190
6 82 211
6 116 203
6 133 219
6 144 197
6 184 216
6 192 196
6 240 188
6 359 187
6 370 214
6 396 188
6 397 205
7 9 210
7 19 204
7 30 185
7 69 220
7 248 203
7 285 198
7 325 188
7 367 208
7 370 216
7 371 213
8 20 210
8 23 182
8 39 194
8 51 218
8 85 192
8 104 186
8 107 202
8 108 180
8 112 197
8 148 216
8 152 190
8 196 219
8 197 217
8 252 205
8 279 199
8 283 209
8 346 208
8 349 212
8 376 218
8 394 201
9 4 217
9 10 215
9 12 215
9 19 191
9 30 190
9 108 191
9 134 198
9 181 196
9 212 204
9 269 184
9 276 217
9 285 182
9 293 188
9 347 194
9 349 182
9 381 204
10 0 190
10 8 216
10 50 190
10 68 211
10 71 213
10 81 193
10 86 198
10 119 186
10 135 180
10 165 190
10 171 209
10 229 192
10 236 203
10 301 214
10 304 203
10 312 205
10 323 182
10 363 184
10 371 203
10 377 184
10 386 214
11 29 208
11 30 198
11 45 192
11 48 213
11 64 220
11 80 219
11 150 191
11 155 190
11 160 195
11 185 216
11 189 183
11 196 213
11 211 213
11 229 191
11 242 212
11 264 192
11 268 205
11 276 190
11 280 195
11 284 220
11 293 207
11 302 193
11 305 182
11 314 205
11 317 203
11 320 220
11 327 205
11 336 197
11 364 190
11 371 209
11 390 213
11 394 183
12 22 195
12 165 187
12 169 218
12 171 186
12 189 187
12 194 193
12 220 213
12 254 206
12 304 212
12 325 203
12 379 199
12 381 216
12 397 210
13 20 198
13 27 212
13 34 205
13 44 193
13 85 196
13 89 183
13 172 198
13 190 206
13 208 208
13 213 195
13 219 203
13 221 203
13 226 181
13 247 186
13 258 186
13 267 216
13 271 193
13 340 203
13 348 194
13 350 198
13 355 182
13 356 219
13 368 196
13 382 194
13 392 193
14 13 197
14 102 216
14 108 204
14 110 220
14 125 181
14 135 220
14 192 192
14 309 196
14 311 191
14 313 210
14 320 191
14 354 206
14 363 182
15 4 186
15 79 182
15 86 208
15 166 213
15 183 193
15 187 216
15 216 190
15 248 214
15 255 219
15 261 201
15 279 211
15 313 212
15 320 190
15 369 216
16 19 183
16 74 193
16 87 216
16 147 195
16 162 213
16 181 189
16 199 209
16 202 202
16 239 211
16 257 204
16 285 196
16 316 205
16 329 184
16 333 183
16 352 204
16 357 191
16 374 206
16 380 197
16 399 188
17 35 181
17 36 207
17 41 181
17 47 181
17 50 220
17 52 195
17 62 193
17 68 193
17 90 206
17 91 203
17 118 188
17 150 188
17 152 202
17 175 197
17 177 211
17 189 220
17 241 211
17 274 193
17 295 185
17 381 193
18 27 197
18 42 194
18 74 205
18 84 187
18 87 195
18 114 217
18 127 203
18 152 212
18 161 204
18 167 192
18 219 205
18 259 209
18 297 193
18 309 185
18 330 201
18 346 207
19 143 205
19 154 210
19 216 190
19 264 184
19 293 201
19 313 217
19 314 209
19 319 194
19 369 201
19 375 197
20 4 219
20 27 189
20 32 214
20 41 184
20 70 207
20 76 217
20 92 217
20 109 188
20 113 212
20 170 201
20 177 191
20 190 207
20 272 218
20 292 219
20 303 185
20 317 187
20 325 213
20 337 183
20 338 187
20 362 207
20 372 211
20 373 217
20 374 207
20 386 187
20 389 186
20 393 181
21 38 203
21 60 218
21 127 188
21 132 191
21 138 191
21 149 216
21 153 193
21 170 194
21 198 209
21 216 184
21 225 199
21 255 215
21 284 206
21 294 218
21 310 189
21 312 220
21 340 203
21 361 210
21 363 193
21 368 190
22 26 209
22 36 194
22 59 220
22 92 215
22 102 188
22 103 208
22 126 197
22 130 195
22 143 186
22 155 184
22 197 181
22 203 192
22 206 197
22 213 212
22 223 219
22 235 213
22 245 216
22 261 200
22 303 216
22 313 187
22 322 214
22 326 182
22 329 205
22 332 212
22 344 188
22 358 197
22 383 200
22 394 214
23 18 207
23 29 187
23 31 188
23 50 196
23 55 193
23 59 184
23 69 209
23 78 197
23 86 212
23 95 191
23 96 198
23 107 180
23 129 206
23 137 207
23 195 182
23 196 209
23 206 213
23 207 212
23 273 181
23 274 192
23 293 185
23 303 218
23 329 218
23 346 203
23 375 183
23 393 204
23 397 214
24 10 213
24 15 215
24 28 215
24 52 215
24 148 202
24 171 209
24 182 201
24 189 199
24 198 182
24 204 187
24 218 220
24 241 191
24 272 192
24 275 214
24 277 184
24 288 183
24 292 201
24 337 214
24 370 215
25 3 215
25 39 200
25 44 195
25 45 188
25 59 181
25 85 192
25 124 201
25 131 182
25 136 211
25 149 204
25 180 219
25 211 200
25 215 214
25 238 215
25 247 192
25 249 217
25 278 181
25 311 211
25 338 217
25 352 181
25 364 195
25 368 189
26 23 219
26 37 191
26 39 205
26 41 209
26 77 214
26 96 211
26 99 189
26 120 191
26 135 186
26 185 180
26 199 185
26 201 216
26 219 200
26 338 217
26 343 213
26 358 215
26 367 181
27 18 219
27 20 213
27 30 199
27 59 202
27 68 190
27 99 199
27 112 194
27 124 181
27 168 198
27 174 209
27 189 188
27 208 203
27 240 186
27 265 180
27 282 199
27 301 208
27 307 190
27 330 211
27 344 209
27 351 215
27 361 216
27 365 208
27 381 194
27 393 180
27 394 201
28 21 199
28 48 210
28 49 210
28 67 191
28 75 213
28 87 213
28 98 204
28 143 195
28 176 215
28 177 211
28 217 203
28 218 198
28 231 210
28 236 191
28 269 207
28 293 209
28 318 195
28 323 202
28 339 185
28 345 189
28 347 216
28 356 196
28 371 195
28 380 213
28 384 206
28 388 198
28 396 211
28 398 199
29 59 218
29 71 181
29 92 215
29 93 186
29 100 195
29 119 206
29 136 183
29 149 183
29 193 197
29 223 214
29 224 204
29 225 213
29 264 181
29 355 181
29 358 191
29 380 201
29 386 197
29 395 180
30 50 206
30 55 190
30 67 213
30 88 200
30 158 200
30 204 210
30 237 193
30 242 205
30 250 202
30 253 185
30 267 215
30 279 215
30 281 188
30 301 189
30 303 217
30 333 217
30 386 217
30 393 190
31 10 216
31 19 190
31 58 201
31 63 196
31 64 214
31 86 212
31 92 203
31 112 199
31 124 200
31 134 189
31 194 216
31 204 217
31 237 186
31 243 184
31 252 190
31 258 198
31 259 198
31 291 197
31 319 190
31 332 218
31 384 210
31 386 210
32 27 190
32 65 194
32 73 206
32 77 213
32 97 207
32 122 187
32 127 185
32 183 197
32 192 192
32 194 192
32 217 190
32 260 212
32 286 204
32 303 183
32 339 188
32 340 185
32 347 219
32 357 209
32 386 183
33 45 197
33 129 206
33 155 201
33 162 191
33 170 187
33 227 206
33 242 187
33 278 210
33 290 209
33 346 186
33 372 211
33 394 181
34 135 214
34 168 180
34 169 210
34 202 211
34 223 210
34 269 218
34 281 198
34 296 210
34 301 181
34 306 209
34 323 199
34 324 188
34 345 215
34 377 186
35 28 217
35 32 217
35 38 193
35 54 183
35 57 218
35 91 214
35 107 217
35 137 208
35 146 185
35 189 204
35 292 211
35 313 191
35 335 191
35 346 192
35 358 195
35 361 216
35 380 182
35 382 192
36 32 214
36 78 194
36 107 210
36 123 193
36 151 209
36 152 189
36 168 205
36 187 199
36 217 213
36 238 206
36 248 190
36 266 188
36 276 213
36 348 203
36 391 220
37 30 200
37 49 194
37 102 192
37 110 182
37 170 194
37 204 204
37 209 218
37 219 220
37 238 217
37 249 181
37 267 185
37 339 213
37 344 201
37 354 205
37 375 216
37 384 197
37 398 199
38 44 194
38 53 211
38 99 180
38 127 219
38 137 188
38 150 194
38 153 194
38 160 191
38 179 207
38 219 210
38 240 184
38 262 203
38 271 197
38 302 194
38 324 200
38 344 181
38 378 202
38 390 216
39 9 205
39 10 186
39 19 184
39 20 194
39 43 181
39 45 214
39 119 201
39 134 187
39 137 211
39 232 184
39 260 185
39 293 218
39 302 191
39 325 217
39 356 207
39 358 204
39 364 209
39 386 220
40 2 216
40 6 193
40 8 183
40 28 210
40 45 212
40 49 220
40 53 186
40 54 209
40 111 213
40 159 183
40 183 209
40 202 188
40 204 210
40 213 211
40 218 187
40 238 185
40 253 191
40 264 203
40 273 202
40 282 181
40 304 216
40 305 202
40 308 211
40 354 185
40 365 184
40 377 191
40 381 184
40 388 194
41 19 192
41 35 202
41 71 211
41 82 209
41 89 197
41 109 183
41 114 190
41 127 197
41 146 207
41 149 205
41 161 192
41 172 196
41 184 190
41 221 188
41 235 191
41 259 203
41 269 206
41 284 200
41 286 219
41 303 190
41 307 204
41 312 182
41 344 190
41 363 189
41 367 217
41 395 207
42 2 208
42 31 183
42 36 185
42 41 218
42 78 202
42 106 214
42 149 192
42 173 205
42 174 198
42 246 209
42 325 188
42 354 217
42 356 210
42 358 181
42 361 217
42 363 190
42 367 216
42 371 213
43 1 213
43 47 200
43 56 188
43 89 195
43 129 203
43 132 192
43 169 212
43 182 202
43 213 209
43 229 204
43 232 199
43 240 186
43 251 188
43 255 209
43 264 197
43 289 192
43 376 220
43 391 201
43 396 186
44 12 199
44 13 190
44 34 207
44 39 214
44 41 187
44 48 181
44 54 185
44 56 191
44 57 217
44 95 195
44 169 206
44 174 208
44 184 193
44 189 205
44 191 209
44 227 204
44 252 206
44 264 197
44 279 191
44 280 197
44 284 203
44 285 184
44 299 186
44 330 180
44 346 180
44 398 199
45 7 200
45 18 195
45 23 220
45 30 189
45 39 214
45 56 197
45 80 215
45 102 198
45 171 218
45 213 219
45 222 220
45 253 216
45 277 212
45 282 190
45 294 203
45 295 201
45 304 212
45 306 188
45 307 205
45 308 185
45 313 191
45 352 206
45 365 212
45 375 181
45 386 205
46 34 197
46 61 208
46 84 217
46 107 213
46 118 182
46 120 194
46 160 203
46 187 187
46 192 219
46 200 200
46 221 215
46 232 220
46 257 220
46 277 184
46 337 191
46 357 205
46 361 202
47 2 208
47 11 202
47 17 210
47 21 202
47 55 205
47 66 216
47 103 210
47 114 186
47 137 183
47 156 194
47 163 184
47 203 200
47 228 185
47 252 203
47 260 211
47 262 199
47 278 214
47 321 194
47 343 217
47 354 183
47 369 210
47 373 182
47 392 181
47 393 215
48 3 186
48 20 186
48 21 195
48 52 182
48 58 190
48 88 192
48 106 196
48 129 187
48 210 192
48 217 195
48 221 193
48 262 209
48 291 209
48 297 206
48 311 213
48 321 199
48 328 219
48 378 211
48 380 202
48 390 202
49 35 194
49 42 214
49 81 188
49 97 213
49 128 199
49 133 189
49 150 191
49 158 193
49 164 198
49 167 204
49 186 186
49 254 209
49 284 214
49 300 211
49 310 190
50 13 217
50 22 207
50 41 212
50 42 187
50 45 191
50 49 180
50 58 200
50 100 218
50 109 199
50 137 192
50 192 185
50 196 201
50 198 197
50 223 205
50 239 218
50 257 185
50 288 201
50 291 181
50 315 217
50 347 209
50 383 196
50 384 201
51 12 218
51 47 197
51 113 193
51 140 196
51 141 196
51 248 183
51 300 203
51 314 188
51 325 200
51 339 208
51 347 199
51 353 204
51 370 209
51 371 184
51 391 216
51 392 189
52 14 206
52 31 210
52 36 218
52 37 213
52 45 219
52 49 181
52 69 185
52 71 190
52 74 204
52 80 195
52 108 198
52 140 197
52 144 197
52 152 220
52 168 199
52 199 189
52 223 212
52 227 210
52 256 214
52 260 191
52 263 215
52 279 201
52 290 213
52 304 211
52 371 219
52 379 180
52 382 192
52 391 206
53 70 194
53 146 190
53 178 192
53 196 197
53 217 189
53 307 198
53 317 188
53 336 193
53 343 192
53 351 190
53 355 205
53 395 194
54 7 194
54 18 211
54 19 198
54 44 190
54 103 211
54 109 198
54 110 194
54 127 186
54 134 194
54 140 190
54 160 210
54 172 182
54 179 185
54 237 192
54 238 205
54 239 196
54 240 218
54 245 217
54 255 207
54 286 184
54 299 190
54 338 210
54 352 182
54 370 214
55 8 207
55 14 193
55 23 203
55 27 215
55 43 203
55 56 200
55 103 182
55 110 198
55 116 182
55 126 190
55 132 182
55 135 192
55 143 199
55 199 219
55 239 206
55 241 194
55 242 211
55 251 196
55 264 194
55 270 212
55 275 185
55 302 184
55 303 210
55 332 194
55 360 191
55 372 186
55 390 203
56 24 193
56 29 211
56 63 204
56 64 197
56 67 211
56 95 205
56 105 187
56 114 201
56 141 208
56 182 218
56 193 181
56 240 204
56 256 196
56 259 186
56 275 190
56 295 189
56 297 189
56 311 187
56 323 184
56 328 209
56 332 205
56 339 210
56 364 187
57 34 215
57 42 209
57 52 182
57 67 194
57 99 216
57 101 183
57 102 195
57 103 192
57 176 180
57 183 184
57 216 189
57 246 206
57 285 208
57 290 213
57 313 188
57 319 195
57 320 199
57 336 210
57 342 180
57 359 215
57 380 209
58 6 185
58 8 199
58 28 211
58 36 217
58 92 202
58 158 220
58 165 197
58 205 186
58 219 206
58 227 208
58 258 182
58 331 181
58 335 206
58 343 184
58 392 180
58 397 220
59 7 218
59 28 198
59 38 204
59 45 203
59 51 197
59 53 194
59 61 215
59 102 195
59 125 212
59 155 208
59 234 217
59 247 185
59 259 214
59 347 201
60 23 202
60 24 211
60 34 203
60 42 191
60 97 193
60 103 191
60 112 191
60 115 213
60 122 198
60 162 201
60 210 190
60 253 188
60 254 192
60 280 214
60 286 218
60 312 192
60 313 210
60 317 208
60 319 191
60 330 183
60 331 213
60 356 204
61 20 191
61 37 194
61 48 210
61 110 213
61 111 191
61 115 193
61 123 216
61 156 182
61 157 202
61 163 192
61 186 211
61 188 186
61 189 217
61 193 183
61 200 208
61 204 210
61 249 194
61 312 200
61 333 210
61 351 193
61 353 189
61 356 192
61 375 203
61 377 189
62 21 208
62 41 199
62 50 220
62 78 201
62 99 183
62 132 198
62 135 206
62 152 210
62 154 181
62 157 218
62 198 208
62 204 196
62 254 199
62 262 217
62 263 190
62 264 220
62 273 182
62 276 215
62 278 185
62 280 194
62 282 193
62 293 219
62 352 187
62 364 196
62 369 219
62 374 198
62 376 196
62 398 207
63 22 214
63 30 196
63 51 192
63 67 181
63 86 186
63 100 187
63 107 203
63 110 182
63 129 202
63 161 199
63 170 184
63 178 210
63 292 206
63 303 187
63 316 190
63 353 204
63 384 217
63 391 196
64 54 209
64 84 214
64 114 180
64 133 219
64 162 194
64 236 201
64 238 199
64 254 194
64 257 215
64 262 219
64 283 206
64 284 189
64 296 214
64 317 203
64 323 204
64 344 186
64 348 185
64 350 214
64 365 194
64 366 197
64 393 210
65 5 215
65 24 188
65 41 205
65 49 217
65 51 181
65 60 184
65 61 208
65 72 195
65 171 219
65 236 202
65 263 211
65 293 187
65 355 219
66 2 207
66 13 193
66 23 200
66 25 187
66 45 206
66 54 187
66 85 187
66 114 219
66 120 214
66 150 206
66 152 220
66 154 200
66 182 213
66 194 202
66 209 219
66 223 209
66 237 181
66 272 211
66 286 209
66 296 189
66 298 189
66 316 202
66 335 184
66 340 197
66 368 206
66 395 185
67 40 206
67 45 213
67 47 196
67 77 214
67 93 209
67 125 199
67 149 195
67 165 206
67 170 197
67 243 214
67 253 191
67 256 214
67 365 216
67 399 193
68 24 204
68 53 203
68 73 184
68 81 220
68 127 207
68 155 211
68 163 200
68 166 197
68 167 209
68 173 200
68 179 183
68 185 200
68 186 207
68 236 189
68 273 193
68 274 219
68 277 208
68 338 200
68 346 181
68 359 187
68 365 207
68 371 198
68 372 212
69 5 195
69 12 218
69 23 211
69 28 212
69 37 188
69 41 194
69 67 195
69 71 199
69 73 195
69 74 207
69 81 208
69 94 188
69 99 193
69 104 220
69 106 196
69 110 220
69 124 188
69 180 200
69 194 195
69 245 185
69 273 187
69 305 182
69 308 196
69 338 190
69 341 209
69 346 191
69 348 209
69 359 186
69 369 196
69 387 201
70 23 197
70 52 185
70 72 185
70 99 183
70 131 195
70 161 209
70 172 201
70 203 185
70 207 191
70 224 219
70 266 187
70 282 209
70 331 196
70 350 191
70 368 219
71 3 183
71 12 199
71 52 192
71 58 215
71 62 203
71 76 213
71 80 212
71 97 216
71 134 203
71 147 186
71 153 212
71 188 218
71 230 195
71 232 180
71 272 201
71 277 208
71 318 188
71 347 201
71 352 211
71 354 218
71 365 212
71 394 200
72 1 204
72 14 207
72 42 188
72 68 214
72 70 207
72 83 220
72 119 202
72 146 211
72 160 188
72 173 207
72 183 201
72 186 212
72 205 190
72 266 193
72 316 185
72 329 218
72 344 214
72 361 185
73 8 208
73 47 187
73 83 203
73 87 205
73 109 188
73 119 192
73 120 206
73 131 197
73 144 211
73 148 212
73 199 212
73 216 210
73 218 193
73 222 214
73 232 205
73 235 197
73 295 192
73 296 203
73 297 191
73 328 210
73 347 193
73 366 190
73 388 183
74 2 204
74 12 192
74 39 180
74 43 213
74 47 211
74 49 184
74 66 204
74 82 190
74 130 213
74 133 211
74 143 181
74 147 215
74 150 218
74 238 219
74 241 190
74 253 194
74 306 181
74 322 220
74 333 209
74 344 208
74 358 210
74 380 215
74 385 187
75 24 191
75 25 212
75 29 185
75 35 202
75 79 220
75 92 203
75 113 204
75 206 206
75 264 183
75 289 213
75 300 202
75 334 185
75 350 202
75 357 187
75 375 187
76 13 195
76 32 194
76 50 186
76 55 185
76 90 190
76 195 187
76 198 198
76 272 188
76 287 208
76 299 219
76 325 201
76 330 190
76 340 210
76 358 203
76 396 185
77 26 197
77 37 207
77 84 220
77 99 214
77 108 191
77 132 184
77 153 208
77 181 180
77 202 202
77 214 208
77 228 218
77 291 186
77 296 207
77 306 180
77 335 210
77 340 216
77 353 202
77 380 218
77 381 217
77 385 211
77 389 193
78 23 182
78 36 185
78 75 211
78 90 197
78 189 180
78 222 219
78 231 218
78 237 202
78 245 185
78 255 208
78 278 201
78 283 207
78 289 213
78 290 192
78 310 206
78 317 212
78 321 191
78 339 188
78 351 210
78 371 200
78 376 210
78 382 206
78 385 211
79 3 199
79 11 220
79 37 194
79 54 200
79 59 218
79 62 185
79 91 191
79 110 217
79 131 192
79 134 210
79 187 201
79 193 202
79 199 181
79 211 215
79 223 180
79 249 184
79 270 201
79 273 215
79 276 195
79 280 194
79 297 180
79 313 185
79 319 186
79 323 199
79 326 195
79 360 218
79 376 219
79 381 201
79 391 214
80 16 182
80 17 194
80 18 184
80 20 184
80 39 183
80 89 184
80 131 213
80 146 220
80 150 195
80 181 191
80 183 207
80 186 212
80 202 188
80 206 187
80 209 183
80 230 205
80 264 215
80 276 218
80 307 207
80 322 194
80 341 214
80 357 213
80 358 200
80 371 210
80 372 214
80 391 187
81 4 190
81 6 188
81 33 212
81 72 186
81 80 209
81 108 216
81 122 186
81 128 182
81 162 185
81 165 206
81 168 190
81 173 216
81 176 184
81 184 209
81 218 215
81 258 203
81 297 198
81 303 205
81 330 206
81 336 208
81 364 220
81 380 191
81 382 195
82 39 210
82 75 219
82 96 210
82 112 206
82 115 201
82 116 190
82 137 186
82 143 198
82 175 210
82 180 183
82 183 209
82 222 197
82 270 218
82 288 184
82 290 185
82 299 196
82 314 215
82 315 210
82 323 204
82 327 216
82 357 215
82 377 192
82 394 204
83 13 219
83 20 194
83 24 205
83 33 217
83 34 184
83 58 187
83 75 186
83 82 190
83 125 183
83 163 216
83 181 207
83 184 193
83 198 182
83 207 204
83 227 193
83 232 203
83 246 184
83 250 216
83 254 193
83 261 198
83 268 212
83 271 191
83 275 197
83 280 204
83 311 180
83 337 181
83 338 187
83 347 202
83 354 197
83 376 182
83 379 211
83 385 189
83 395 203
84 6 216
84 51 190
84 104 181
84 113 215
84 118 189
84 142 194
84 157 208
84 166 212
84 171 185
84 173 181
84 176 218
84 225 188
84 251 193
84 279 186
84 314 185
84 360 181
84 369 201
85 5 193
85 30 181
85 47 215
85 57 199
85 68 206
85 73 187
85 78 186
85 84 206
85 106 189
85 124 190
85 170 206
85 201 207
85 231 206
85 240 214
85 302 198
85 316 189
85 319 182
85 328 186
85 387 194
86 5 187
86 204 197
86 206 193
86 231 207
86 233 193
86 238 215
86 261 186
86 290 215
86 323 209
86 343 192
86 363 198
86 369 203
86 390 187
87 17 217
87 42 203
87 50 192
87 107 220
87 117 218
87 118 217
87 131 207
87 155 209
87 176 211
87 188 194
87 199 200
87 203 202
87 220 189
87 231 208
87 233 217
87 249 182
87 255 212
87 282 209
87 296 199
87 320 188
87 328 184
87 329 214
87 344 206
87 359 214
87 363 199
87 376 192
87 396 211
87 399 189
88 7 180
88 71 197
88 91 214
88 118 182
88 145 194
88 149 209
88 154 213
88 160 186
88 184 197
88 198 219
88 200 200
88 215 211
88 249 209
88 265 220
88 295 200
88 378 214
89 4 199
89 125 189
89 130 218
89 142 202
89 143 217
89 150 211
89 168 207
89 200 204
89 208 213
89 233 185
89 244 193
89 269 199
89 335 212
89 366 193
89 377 210
89 383 209
89 397 182
90 46 206
90 58 219
90 63 190
90 65 199
90 107 181
90 113 199
90 149 180
90 163 210
90 170 187
90 173 214
90 181 180
90 209 192
90 228 211
90 239 187
90 258 189
90 269 219
90 289 204
90 308 185
90 377 208
90 398 189
91 27 218
91 30 217
91 34 185
91 55 208
91 61 193
91 76 220
91 80 219
91 84 198
91 87 199
91 127 211
91 159 217
91 161 198
91 162 220
91 200 208
91 224 193
91 230 192
91 244 219
91 259 213
91 269 203
91 310 207
91 324 195
91 361 206
91 364 186
91 382 188
92 13 217
92 33 183
92 35 206
92 38 200
92 39 210
92 51 192
92 69 211
92 83 217
92 85 187
92 88 191
92 112 197
92 113 186
92 148 208
92 161 196
92 173 208
92 186 196
92 214 183
92 240 183
92 257 212
92 274 213
92 277 195
92 278 217
92 285 203
92 306 183
92 314 201
92 315 186
92 332 192
92 336 212
92 365 202
92 380 207
92 397 212
93 38 182
93 91 219
93 117 208
93 118 219
93 155 185
93 158 182
93 170 189
93 183 201
93 224 211
93 246 208
93 247 199
93 263 190
93 300 220
93 315 209
93 320 180
93 335 212
93 355 198
93 391 220
94 30 212
94 42 214
94 103 206
94 115 201
94 118 184
94 122 181
94 128 199
94 143 219
94 145 213
94 171 207
94 199 182
94 239 198
94 248 215
94 290 194
94 299 208
94 354 210
94 357 214
94 365 188
94 378 185
94 398 200
95 10 191
95 12 184
95 59 199
95 72 219
95 78 183
95 89 207
95 129 219
95 165 180
95 228 211
95 261 218
95 274 181
95 289 180
95 306 218
95 319 193
95 337 214
95 342 209
95 343 195
95 374 182
96 29 216
96 41 213
96 91 215
96 113 218
96 137 219
96 190 209
96 193 204
96 195 206
96 212 202
96 226 196
96 235 187
96 255 182
96 279 191
96 288 220
96 317 194
96 334 195
96 354 213
96 366 191
96 370 189
96 380 209
96 388 189
97 5 180
97 19 193
97 25 195
97 123 201
97 134 198
97 135 193
97 177 192
97 190 200
97 203 212
97 212 203
97 229 197
97 241 215
97 242 195
97 248 189
97 250 183
97 258 208
97 259 198
97 261 203
97 270 211
97 291 199
97 329 195
97 349 204
97 386 197
98 12 185
98 13 186
98 15 203
98 17 201
98 29 214
98 34 196
98 57 190
98 71 215
98 82 180
98 127 192
98 135 184
98 141 217
98 157 180
98 190 184
98 209 216
98 236 220
98 244 186
98 289 211
98 332 200
98 339 181
98 377 213
98 388 184
99 9 180
99 30 219
99 81 219
99 92 210
99 132 200
99 148 182
99 166 181
99 177 195
99 195 207
99 210 194
99 249 184
99 254 189
99 262 182
99 288 219
99 292 185
99 304 189
99 338 215
99 351 207
99 364 202
100 2 186
100 6 184
100 18 187
100 26 216
100 90 198
100 91 182
100 97 216
100 104 197
100 138 211
100 142 211
100 165 211
100 185 192
100 191 192
100 278 208
100 291 211
100 303 181
100 307 211
100 312 194
100 330 197
100 331 212
100 333 203
100 348 198
100 361 203
100 388 195
100 392 201
101 37 188
101 76 199
101 109 208
101 131 205
101 132 195
101 206 197
101 220 212
101 227 215
101 268 193
101 289 180
101 386 212
102 1 193
102 3 181
102 16 199
102 25 199
102 51 211
102 73 185
102 74 195
102 76 207
102 85 188
102 98 181
102 120 187
102 127 210
102 137 194
102 156 201
102 199 187
102 232 182
102 262 200
102 324 213
102 347 215
102 348 190
102 389 213
103 24 220
103 50 204
103 51 199
103 52 188
103 53 215
103 73 206
103 130 184
103 136 207
103 145 202
103 150 219
103 168 191
103 197 200
103 213 185
103 222 195
103 248 189
103 250 187
103 291 180
103 292 183
103 301 218
103 361 183
103 367 189
104 14 204
104 21 215
104 85 191
104 108 191
104 122 205
104 220 203
104 223 209
104 232 198
104 235 193
104 240 206
104 394 205
105 17 215
105 20 207
105 32 219
105 62 219
105 71 214
105 88 206
105 91 213
105 143 198
105 178 187
105 192 213
105 218 191
105 222 214
105 228 210
105 238 197
105 251 208
105 253 203
105 286 192
105 302 206
105 305 184
105 309 204
105 310 208
105 352 216
105 354 199
105 359 186
105 386 214
106 36 190
106 58 207
106 72 185
106 81 204
106 93 186
106 104 213
106 136 198
106 138 220
106 170 211
106 171 216
106 185 185
106 207 202
106 243 211
106 247 180
106 254 207
106 263 187
106 266 180
106 296 201
106 328 185
106 329 197
106 335 197
106 336 206
107 10 193
107 32 203
107 82 192
107 111 184
107 128 187
107 139 220
107 173 185
107 175 204
107 187 190
107 192 206
107 201 216
107 208 192
107 228 187
107 229 189
107 239 217
107 284 183
107 285 214
107 295 206
107 305 205
107 308 191
107 318 194
107 336 216
107 347 185
107 357 212
107 377 203
107 390 213
107 395 198
108 7 192
108 19 212
108 37 205
108 47 183
108 75 210
108 79 215
108 86 199
108 98 207
108 106 190
108 130 184
108 149 195
108 153 180
108 161 186
108 171 185
108 178 216
108 200 204
108 248 193
108 253 198
108 277 204
108 279 188
108 302 204
108 309 193
108 391 198
109 6 190
109 29 210
109 46 189
109 125 203
109 182 208
109 214 210
109 221 180
109 229 215
109 231 214
109 242 201
109 257 210
109 273 202
109 280 195
109 301 201
109 312 193
109 330 217
109 331 187
109 334 218
109 344 206
109 365 208
109 378 218
109 390 196
109 393 186
110 2 182
110 8 208
110 19 187
110 33 214
110 42 211
110 53 219
110 64 206
110 72 192
110 89 190
110 103 207
110 132 187
110 138 200
110 189 191
110 191 214
110 194 214
110 216 212
110 223 217
110 224 204
110 240 204
110 272 209
110 278 198
110 281 189
110 284 204
110 300 206
110 301 189
110 316 193
110 379 193
111 7 203
111 9 194
111 38 210
111 39 213
111 67 200
111 86 215
111 116 202
111 124 183
111 141 181
111 146 213
111 169 210
111 176 197
111 185 180
111 194 180
111 201 200
111 206 212
111 220 200
111 239 194
111 249 192
111 253 202
111 308 217
111 336 206
111 355 208
111 357 186
112 15 220
112 39 191
112 64 191
112 65 196
112 71 197
112 198 208
112 200 196
112 208 195
112 257 210
112 265 193
112 270 182
112 272 203
112 297 218
112 321 216
112 328 182
112 372 197
112 387 194
113 144 210
113 157 184
113 185 196
113 211 193
113 235 217
113 275 194
113 319 192
113 331 202
113 334 202
113 355 209
113 362 199
113 367 193
113 379 180
113 395 219
114 3 216
114 4 196
114 40 212
114 101 209
114 109 212
114 111 210
114 136 189
114 141 191
114 154 190
114 166 213
114 169 192
114 171 195
114 179 197
114 207 183
114 261 217
114 308 196
114 324 181
114 344 207
114 349 210
115 9 188
115 17 198
115 53 219
115 63 202
115 98 213
115 112 184
115 158 194
115 160 195
115 163 186
115 172 203
115 193 184
115 200 220
115 252 200
115 266 180
115 294 216
115 301 211
115 302 211
115 306 203
115 312 211
115 313 214
115 321 205
115 337 201
115 354 188
115 359 198
115 371 204
115 399 206
116 7 191
116 10 185
116 16 214
116 19 180
116 26 207
116 49 193
116 58 214
116 74 181
116 92 191
116 106 216
116 121 213
116 128 199
116 163 211
116 176 201
116 204 219
116 211 181
116 214 183
116 263 181
116 286 201
116 298 189
116 306 212
116 346 196
116 349 185
117 15 217
117 16 186
117 28 188
117 39 212
117 89 216
117 92 191
117 103 182
117 171 208
117 177 213
117 202 196
117 223 194
117 233 195
117 261 214
117 289 184
117 301 216
117 309 209
117 319 182
117 354 209
117 356 185
117 357 194
117 358 188
117 387 181
118 30 219
118 42 209
118 43 201
118 53 204
118 54 200
118 65 220
118 81 214
118 103 202
118 145 208
118 163 187
118 192 218
118 233 185
118 245 190
118 257 206
118 264 199
118 287 219
118 299 180
118 309 214
118 316 207
118 318 194
118 320 204
118 338 201
118 371 210
119 3 200
119 46 205
119 69 184
119 93 216
119 99 213
119 115 210
119 122 216
119 142 201
119 143 217
119 145 191
119 170 206
119 182 187
119 201 213
119 246 216
119 270 187
119 287 214
119 302 180
119 319 217
119 346 197
119 353 220
119 389 190
120 19 189
120 24 220
120 26 217
120 52 186
120 54 220
120 56 215
120 91 204
120 100 189
120 103 210
120 112 207
120 140 183
120 141 190
120 175 194
120 186 187
120 231 196
120 245 194
120 248 182
120 253 181
120 273 206
120 274 199
120 308 202
120 327 195
120 338 180
120 359 184
120 361 180
120 365 186
120 380 200
120 386 183
121 14 196
121 38 216
121 49 216
121 54 181
121 67 200
121 90 188
121 92 183
121 95 210
121 102 216
121 123 195
121 128 192
121 136 217
121 164 181
121 226 207
121 242 191
121 245 187
121 247 204
121 299 206
121 305 185
121 326 215
121 345 203
121 347 204
121 369 188
122 2 198
122 9 180
122 10 220
122 13 196
122 46 193
122 70 212
122 76 202
122 83 220
122 113 185
122 127 211
122 145 219
122 153 194
122 155 190
122 161 200
122 233 218
122 273 207
122 292 188
122 296 206
122 318 185
122 329 185
122 345 211
122 346 207
122 360 217
122 365 183
123 72 217
123 92 211
123 116 181
123 121 185
123 124 198
123 143 195
123 146 186
123 155 204
123 166 213
123 192 187
123 223 198
123 231 195
123 252 196
123 274 202
123 277 208
123 281 195
123 282 198
123 302 218
123 325 204
123 344 195
123 353 192
123 372 217
123 380 216
123 397 210
124 38 198
124 56 182
124 80 208
124 89 212
124 108 210
124 137 202
124 155 190
124 187 187
124 213 215
124 297 185
124 306 208
124 336 190
124 348 191
124 392 209
125 33 183
125 43 193
125 66 213
125 71 201
125 80 184
125 88 191
125 106 189
125 149 198
125 197 214
125 215 203
125 229 213
125 243 185
125 292 190
125 306 188
125 314 183
125 319 191
125 341 211
125 368 214
125 370 217
125 383 198
125 391 219
126 13 190
126 18 196
126 19 199
126 40 188
126 47 186
126 64 196
126 72 180
126 76 220
126 121 189
126 140 185
126 148 189
126 149 194
126 165 188
126 170 191
126 183 204
126 204 207
126 219 217
126 244 211
126 274 184
126 276 199
126 278 188
126 289 191
126 292 198
126 326 215
126 333 204
126 350 199
126 394 203
126 395 184
127 16 198
127 17 215
127 86 195
127 89 197
127 105 208
127 137 208
127 159 209
127 188 220
127 190 189
127 209 186
127 225 203
127 259 209
127 302 181
127 322 182
127 323 218
127 330 204
127 360 212
127 373 184
128 14 212
128 40 188
128 62 190
128 166 202
128 173 192
128 223 203
128 233 180
128 235 217
128 251 186
128 253 204
128 277 187
128 284 206
128 318 198
128 346 182
128 367 187
128 368 193
129 24 190
129 28 192
129 76 212
129 85 198
129 96 183
129 135 198
129 190 220
129 210 204
129 214 201
129 229 210
129 239 207
129 253 208
129 277 196
129 334 198
129 383 197
129 396 213
130 6 194
130 19 185
130 21 213
130 38 204
130 61 180
130 62 201
130 76 195
130 100 184
130 118 214
130 129 216
130 185 202
130 189 211
130 205 197
130 234 184
130 270 201
130 305 208
130 337 198
130 370 201
131 37 190
131 38 180
131 62 188
131 63 180
131 66 205
131 77 219
131 78 204
131 133 191
131 145 186
131 176 191
131 181 216
131 284 215
131 345 193
131 380 207
131 396 201
132 12 219
132 32 213
132 83 210
132 151 212
132 173 218
132 233 203
132 261 217
132 276 212
132 295 197
132 340 220
132 378 191
132 391 189
132 397 211
133 23 219
133 49 207
133 51 203
133 102 183
133 116 217
133 125 218
133 136 206
133 166 182
133 176 205
133 203 193
133 228 198
133 264 198
133 330 209
133 335 194
133 340 219
133 342 191
133 370 185
133 376 194
134 0 210
134 3 202
134 18 182
134 43 192
134 75 180
134 88 217
134 92 181
134 137 180
134 139 204
134 150 181
134 153 212
134 156 207
134 160 200
134 166 193
134 174 201
134 181 199
134 219 184
134 258 187
134 276 192
134 278 186
134 279 220
134 280 204
134 299 204
134 304 207
134 331 210
134 365 219
135 21 203
135 35 190
135 49 194
135 58 206
135 66 217
135 77 187
135 81 196
135 87 210
135 170 209
135 179 210
135 184 192
135 190 191
135 206 197
135 216 181
135 231 189
135 262 214
135 279 185
135 282 208
135 365 205
135 377 212
135 383 182
135 394 201
136 6 199
136 42 194
136 58 207
136 102 182
136 104 215
136 186 182
136 196 213
136 207 194
136 226 197
136 290 191
136 338 190
136 353 213
136 383 183
136 385 204
137 36 201
137 47 205
137 73 196
137 88 192
137 115 192
137 118 181
137 153 190
137 195 186
137 200 185
137 218 217
137 219 196
137 237 195
137 303 218
137 315 220
137 324 181
137 359 205
137 362 184
137 371 191
138 14 218
138 18 193
138 31 202
138 160 192
138 174 198
138 184 209
138 199 215
138 221 203
138 293 201
138 307 206
138 319 189
138 343 209
138 344 180
138 367 199
138 387 183
138 392 219
139 3 184
139 14 195
139 56 195
139 73 185
139 76 197
139 84 209
139 92 208
139 125 198
139 127 189
139 140 202
139 167 181
139 191 202
139 197 181
139 206 207
139 208 206
139 228 220
139 256 214
139 268 214
139 307 213
139 350 187
139 362 212
139 367 217
139 388 180
140 18 180
140 19 206
140 25 182
140 29 182
140 32 185
140 39 186
140 96 200
140 126 182
140 176 202
140 207 203
140 209 195
140 221 181
140 255 200
140 273 214
140 275 183
140 289 205
140 290 199
140 299 198
140 309 182
140 340 192
140 343 192
140 346 203
140 360 211
140 373 202
141 3 189
141 7 189
141 13 213
141 39 196
141 41 185
141 88 210
141 131 209
141 143 186
141 155 213
141 168 215
141 192 188
141 195 203
141 200 192
141 211 200
141 214 211
141 219 215
141 235 200
141 247 204
141 272 218
141 291 185
141 303 182
141 305 197
141 313 187
141 320 188
141 349 197
141 382 184
142 32 196
142 38 208
142 44 190
142 86 185
142 88 216
142 100 206
142 112 198
142 122 210
142 123 216
142 127 188
142 214 206
142 216 187
142 230 181
142 249 188
142 252 207
142 257 192
142 337 207
142 390 206
143 9 190
143 14 218
143 22 217
143 50 198
143 87 209
143 104 185
143 107 208
143 113 193
143 123 190
143 132 215
143 145 212
143 198 204
143 284 207
143 333 209
143 344 201
143 365 218
143 382 217
143 389 203
144 9 199
144 32 199
144 37 180
144 44 198
144 46 219
144 56 211
144 89 190
144 132 188
144 139 186
144 166 202
144 182 204
144 233 199
144 245 188
144 246 218
144 254 185
144 288 181
144 295 216
144 298 212
144 311 191
144 316 212
144 324 181
144 329 197
144 336 196
144 353 180
144 382 203
144 392 214
145 6 205
145 20 220
145 146 216
145 159 193
145 162 199
145 173 189
145 176 182
145 208 198
145 312 182
145 325 191
145 330 191
145 353 184
145 368 184
146 3 196
146 27 182
146 49 217
146 84 192
146 97 213
146 127 217
146 139 215
146 144 188
146 151 186
146 159 195
146 178 199
146 186 192
146 233 207
146 237 204
146 242 216
146 253 209
146 260 203
146 262 190
146 268 183
146 280 220
146 289 184
146 377 184
146 382 197
146 395 196
147 33 195
147 60 211
147 83 194
147 103 215
147 112 200
147 115 181
147 138 200
147 146 219
147 152 204
147 166 187
147 178 193
147 190 199
147 199 204
147 208 215
147 229 204
147 244 196
147 246 205
147 270 212
147 321 186
147 385 195
148 6 212
148 34 216
148 44 183
148 49 203
148 82 198
148 169 186
148 173 186
148 202 198
148 231 182
148 234 191
148 263 193
148 266 184
148 326 191
148 340 183
148 344 193
148 359 212
148 362 183
148 376 207
148 377 203
148 393 189
149 7 192
149 9 214
149 13 205
149 52 196
149 103 220
149 136 199
149 156 195
149 170 192
149 172 207
149 184 193
149 236 194
149 263 193
149 285 215
149 324 220
149 359 219
149 368 205
149 375 220
149 395 218
149 399 196
150 0 196
150 11 217
150 13 211
150 29 188
150 33 209
150 37 194
150 85 216
150 90 180
150 152 195
150 160 215
150 173 212
150 181 203
150 193 212
150 205 189
150 213 212
150 234 202
150 263 190
150 274 206
150 314 197
150 324 192
150 331 191
150 348 220
150 359 217
150 383 215
150 396 201
151 11 191
151 19 220
151 92 216
151 96 188
151 192 199
151 200 202
151 204 216
151 229 203
151 240 192
151 247 209
151 252 182
151 277 191
151 282 199
151 286 207
151 309 181
151 327 190
151 346 202
151 369 220
151 375 180
151 380 189
151 382 198
151 384 218
152 22 192
152 23 183
152 46 186
152 55 190
152 66 196
152 189 217
152 211 207
152 230 191
152 236 187
152 241 183
152 245 195
152 262 204
152 270 212
152 272 195
152 311 207
152 331 201
152 332 205
152 348 189
152 357 197
152 368 196
152 370 205
152 379 191
153 11 190
153 16 207
153 84 193
153 95 214
153 96 219
153 123 211
153 128 189
153 150 207
153 155 198
153 166 216
153 181 217
153 236 204
153 301 208
153 303 198
153 309 202
153 318 195
153 334 202
153 335 195
153 338 206
153 355 211
153 357 190
153 358 191
153 365 201
153 369 201
153 387 212
154 2 187
154 9 181
154 29 181
154 46 202
154 86 204
154 90 213
154 132 187
154 164 217
154 167 210
154 225 181
154 263 217
154 306 198
154 310 184
154 337 212
154 395 186
155 16 190
155 24 218
155 39 212
155 78 180
155 98 180
155 143 215
155 149 192
155 176 206
155 185 192
155 210 191
155 216 219
155 220 216
155 224 183
155 241 186
155 250 182
155 352 196
155 372 199
155 386 203
155 387 184
156 18 206
156 39 212
156 56 209
156 58 215
156 59 201
156 60 200
156 155 194
156 163 203
156 169 186
156 182 210
156 198 209
156 201 212
156 222 215
156 234 186
156 236 196
156 242 216
156 257 192
156 268 217
156 278 180
156 281 206
156 286 217
156 292 209
156 328 220
156 365 189
156 393 201
156 398 218
157 0 219
157 72 184
157 73 185
157 84 193
157 95 183
157 104 199
157 114 212
157 149 180
157 163 183
157 165 199
157 182 219
157 189 214
157 210 193
157 215 203
157 225 211
157 230 218
157 241 216
157 261 201
157 268 199
157 285 192
157 292 180
157 313 213
157 326 183
157 333 216
157 337 187
157 341 207
157 399 203
158 32 180
158 55 199
158 60 202
158 92 200
158 96 188
158 122 202
158 130 195
158 144 200
158 173 195
158 177 180
158 180 207
158 201 212
158 208 206
158 237 183
158 289 188
158 299 203
158 302 184
158 305 197
158 340 214
158 382 182
159 52 191
159 87 192
159 96 211
159 100 220
159 149 190
159 161 203
159 176 219
159 194 181
159 212 194
159 235 209
159 240 188
159 251 191
159 256 185
159 257 209
159 278 180
159 292 207
159 350 200
159 360 189
159 381 202
159 383 194
160 22 216
160 30 216
160 51 206
160 54 202
160 100 191
160 102 182
160 115 180
160 127 207
160 140 201
160 146 189
160 162 189
160 186 187
160 222 184
160 261 212
160 273 207
160 279 197
160 304 195
160 333 220
160 338 213
160 350 182
160 370 188
161 50 205
161 52 206
161 55 200
161 62 196
161 63 216
161 74 215
161 86 217
161 94 220
161 100 203
161 120 192
161 128 185
161 132 199
161 136 186
161 145 184
161 159 187
161 160 200
161 183 192
161 191 184
161 228 181
161 247 202
161 248 211
161 258 180
161 259 191
161 290 192
161 304 194
161 343 200
161 375 183
162 30 210
162 33 211
162 38 213
162 39 185
162 44 197
162 48 181
162 53 197
162 77 184
162 98 197
162 145 188
162 171 211
162 174 206
162 186 187
162 202 185
162 269 215
162 291 212
162 293 200
162 301 199
162 317 204
162 323 185
162 340 191
162 349 196
162 387 190
162 398 210
163 1 185
163 20 201
163 54 214
163 67 183
163 78 216
163 88 207
163 93 183
163 100 217
163 135 187
163 146 204
163 200 187
163 211 207
163 216 193
163 256 190
163 262 216
163 275 220
163 286 195
163 305 208
163 317 195
163 361 211
163 371 219
163 378 184
163 389 220
164 37 191
164 58 190
164 66 204
164 69 208
164 92 216
164 123 191
164 143 200
164 145 180
164 160 199
164 246 219
164 273 211
164 285 196
164 294 214
164 337 191
164 386 206
165 2 186
165 13 187
165 20 181
165 29 210
165 55 206
165 92 203
165 126 187
165 150 188
165 164 206
165 186 195
165 208 196
165 237 213
165 238 187
165 251 191
165 252 208
165 264 194
165 274 201
165 295 188
165 308 188
165 319 196
165 328 194
165 337 208
165 340 208
165 347 196
165 384 181
166 2 220
166 67 203
166 71 219
166 93 199
166 101 194
166 103 186
166 119 181
166 123 194
166 130 197
166 135 201
166 137 197
166 156 214
166 164 202
166 186 211
166 217 200
166 227 188
166 228 203
166 234 189
166 269 204
166 280 215
166 289 215
166 392 205
167 78 183
167 81 210
167 131 209
167 138 202
167 144 183
167 199 189
167 214 211
167 221 203
167 334 187
167 336 200
168 34 216
168 55 202
168 68 219
168 70 186
168 83 190
168 92 191
168 105 192
168 107 189
168 112 186
168 139 204
168 193 207
168 206 202
168 219 196
168 246 191
168 262 185
168 322 216
168 381 182
169 43 181
169 59 184
169 115 197
169 129 197
169 158 207
169 164 181
169 188 215
169 193 194
169 236 184
169 238 203
169 248 210
169 257 184
169 270 189
169 274 215
169 290 189
169 301 193
169 347 191
169 351 217
169 356 214
169 363 203
169 379 199
170 0 217
170 4 208
170 25 218
170 30 192
170 47 184
170 65 184
170 69 219
170 72 190
170 96 193
170 104 204
170 105 191
170 107 220
170 175 208
170 199 186
170 204 200
170 206 220
170 283 208
170 297 214
170 360 207
170 388 184
170 394 214
171 15 203
171 22 220
171 36 202
171 37 198
171 40 181
171 50 200
171 64 211
171 74 187
171 80 216
171 93 205
171 104 196
171 108 187
171 134 195
171 162 219
171 179 191
171 185 181
171 256 182
171 267 199
171 268 208
171 296 206
171 308 181
171 387 189
172 24 199
172 35 211
172 55 192
172 57 180
172 75 180
172 108 199
172 139 215
172 140 181
172 240 209
172 251 191
172 290 182
172 294 209
172 329 220
172 336 182
172 338 192
172 370 203
172 374 205
172 378 188
172 388 200
173 6 200
173 23 198
173 26 196
173 53 186
173 62 209
173 77 196
173 91 217
173 100 187
173 131 189
173 181 211
173 197 207
173 203 189
173 209 198
173 210 218
173 224 216
173 256 200
173 259 183
173 271 212
173 294 183
173 302 190
173 354 203
173 355 190
174 15 198
174 45 189
174 47 192
174 63 181
174 85 187
174 99 195
174 103 220
174 146 209
174 170 183
174 175 219
174 180 187
174 216 182
174 225 219
174 235 217
174 238 203
174 242 182
174 254 191
174 268 211
174 298 220
174 304 219
174 345 195
174 368 197
174 398 204
175 11 199
175 22 192
175 26 192
175 78 201
175 82 199
175 100 185
175 152 186
175 168 180
175 231 191
175 245 206
175 255 217
175 262 193
175 269 205
175 293 211
175 301 213
175 306 217
175 317 196
175 345 180
175 356 183
175 361 187
176 17 218
176 41 208
176 61 182
176 74 203
176 122 220
176 133 210
176 135 194
176 141 218
176 172 212
176 173 204
176 188 194
176 196 186
176 229 217
176 234 200
176 256 199
176 298 208
176 326 205
176 344 182
176 353 208
176 368 197
176 371 182
176 373 213
177 22 219
177 40 200
177 48 215
177 67 199
177 77 192
177 84 220
177 90 197
177 91 190
177 109 205
177 117 205
177 122 200
177 127 184
177 154 194
177 162 186
177 175 197
177 176 192
177 178 199
177 206 219
177 220 188
177 271 205
177 280 188
177 284 219
177 293 190
177 296 181
177 326 197
177 337 219
177 345 200
177 346 181
177 350 192
178 31 198
178 40 218
178 45 206
178 50 218
178 59 191
178 99 217
178 107 212
178 144 192
178 150 197
178 153 204
178 192 201
178 200 216
178 203 220
178 212 185
178 220 196
178 233 206
178 250 216
178 268 190
178 277 210
178 279 202
178 307 216
178 316 188
178 338 195
178 364 206
178 373 197
179 6 184
179 19 180
179 28 197
179 31 194
179 134 211
179 143 216
179 153 216
179 158 211
179 160 190
179 166 188
179 191 206
179 213 198
179 216 215
179 228 188
179 230 201
179 299 198
179 302 188
179 305 185
179 311 187
179 322 188
179 324 186
179 333 207
179 338 218
179 340 190
180 2 213
180 17 182
180 27 185
180 32 189
180 39 190
180 85 191
180 152 216
180 162 218
180 203 220
180 214 184
180 227 206
180 243 202
180 249 209
180 254 194
180 257 185
180 260 202
180 262 180
180 277 191
180 292 219
180 315 219
180 326 219
180 334 219
180 367 218
180 370 181
180 391 219
181 12 185
181 41 207
181 42 187
181 56 206
181 83 197
181 89 181
181 119 207
181 133 208
181 150 217
181 191 218
181 216 190
181 254 186
181 255 196
181 261 199
181 265 199
181 277 198
181 287 219
181 302 200
181 319 190
181 330 203
181 352 187
181 360 197
181 388 190
182 8 203
182 26 213
182 31 204
182 34 209
182 39 186
182 92 182
182 112 187
182 131 203
182 142 182
182 146 189
182 154 205
182 238 186
182 274 205
182 284 190
182 289 199
182 297 200
182 312 216
182 328 185
182 338 217
182 345 186
182 348 211
182 349 190
182 373 183
182 385 207
182 398 202
183 2 211
183 13 201
183 36 188
183 106 192
183 125 206
183 144 188
183 163 213
183 191 219
183 202 213
183 225 202
183 234 187
183 235 182
183 244 186
183 283 196
183 306 192
183 317 219
183 334 195
183 349 203
183 361 191
183 382 212
183 399 213
184 18 180
184 28 220
184 34 202
184 57 204
184 65 191
184 75 218
184 119 192
184 150 181
184 156 190
184 196 186
184 214 203
184 223 194
184 261 212
184 298 209
184 325 190
184 357 180
184 362 198
184 378 183
184 399 210
185 5 211
185 30 201
185 40 183
185 41 188
185 54 219
185 79 217
185 86 186
185 101 202
185 105 195
185 115 214
185 151 193
185 162 220
185 167 180
185 180 182
185 186 189
185 193 199
185 230 180
185 255 186
185 265 182
185 308 196
185 318 196
185 339 199
185 388 196
186 41 214
186 62 189
186 118 191
186 159 219
186 252 198
186 260 189
186 279 192
186 281 188
186 296 217
186 314 186
186 315 210
186 325 215
186 330 182
186 335 180
186 346 186
186 348 189
186 356 205
186 359 208
186 365 215
186 369 215
187 17 218
187 56 215
187 60 211
187 76 206
187 111 201
187 113 216
187 118 199
187 155 212
187 162 182
187 168 197
187 188 216
187 189 207
187 194 184
187 201 214
187 216 214
187 254 190
187 259 219
187 260 200
187 281 196
187 328 215
187 344 212
187 348 195
187 374 215
187 389 188
187 394 209
188 7 192
188 92 196
188 125 210
188 129 183
188 179 198
188 235 213
188 263 189
188 273 203
188 339 216
188 350 195
188 368 202
188 371 189
188 380 193
188 396 187
189 26 211
189 28 192
189 31 210
189 32 197
189 56 210
189 64 211
189 65 214
189 72 215
189 88 213
189 89 209
189 90 203
189 113 204
189 138 208
189 238 210
189 286 218
189 288 195
189 351 193
189 377 202
189 380 195
189 389 219
190 2 212
190 27 212
190 87 204
190 91 182
190 114 214
190 118 192
190 138 191
190 150 192
190 154 214
190 171 215
190 186 220
190 197 215
190 208 180
190 210 207
190 289 199
190 300 197
190 305 209
190 317 204
190 329 188
190 358 194
191 2 194
191 10 207
191 44 203
191 47 214
191 51 192
191 57 202
191 111 218
191 121 201
191 133 196
191 152 196
191 193 220
191 203 186
191 232 186
191 237 185
191 239 193
191 245 186
191 258 220
191 267 195
191 302 219
191 309 192
191 312 204
191 322 182
191 337 217
191 342 189
191 361 184
191 378 212
192 4 181
192 100 186
192 132 211
192 165 217
192 174 202
192 188 202
192 205 211
192 225 185
192 273 215
192 292 208
192 294 203
192 315 192
192 349 212
192 367 193
192 370 191
192 380 203
193 53 207
193 59 185
193 62 185
193 70 210
193 71 194
193 111 197
193 130 197
193 131 214
193 133 187
193 153 198
193 158 207
193 183 195
193 196 206
193 197 208
193 206 218
193 228 205
193 248 198
193 274 219
193 287 190
193 292 201
193 304 220
193 324 184
193 354 190
193 359 219
193 381 196
194 1 198
194 17 192
194 33 204
194 63 192
194 74 204
194 97 182
194 104 181
194 121 218
194 133 218
194 136 190
194 148 214
194 159 192
194 165 196
194 190 213
194 222 201
194 276 183
194 293 219
194 326 186
194 352 220
194 353 180
194 354 202
194 372 215
194 384 196
195 3 201
195 10 210
195 51 187
195 67 212
195 83 186
195 85 199
195 98 184
195 100 210
195 116 212
195 149 210
195 170 185
195 184 193
195 211 189
195 231 197
195 259 184
195 337 193
195 374 212
196 8 194
196 18 220
196 38 195
196 53 213
196 59 182
196 107 185
196 147 220
196 163 195
196 178 213
196 199 215
196 251 194
196 274 190
196 286 180
196 287 214
196 320 212
196 345 200
196 349 201
196 358 193
196 396 206
197 12 190
197 16 206
197 44 200
197 64 182
197 101 187
197 106 216
197 116 198
197 135 181
197 153 204
197 185 203
197 201 204
197 266 193
197 271 211
197 276 200
197 297 214
197 325 195
197 330 184
197 348 220
197 361 182
197 391 216
198 6 195
198 8 201
198 20 190
198 29 212
198 56 215
198 71 210
198 79 191
198 141 181
198 154 185
198 157 205
198 168 216
198 184 216
198 193 201
198 197 215
198 209 188
198 237 214
198 243 198
198 272 197
198 277 180
198 279 185
198 286 201
198 295 190
198 306 181
198 315 198
198 318 199
198 320 197
198 334 205
198 378 211
198 389 181
199 9 206
199 23 193
199 40 193
199 48 204
199 50 189
199 59 194
199 111 183
199 122 206
199 143 219
199 168 209
199 200 195
199 202 188
199 225 219
199 228 205
199 241 215
199 252 181
199 301 207
199 348 197
199 399 194
200 32 203
200 53 213
200 88 205
200 95 208
200 106 180
200 131 191
200 134 202
200 164 189
200 165 199
200 195 194
200 198 217
200 219 218
200 313 215
200 336 208
200 341 214
200 355 190
200 375 203
201 13 215
201 42 184
201 51 206
201 57 188
201 60 208
201 65 201
201 73 184
201 79 203
201 105 215
201 118 195
201 132 188
201 168 186
201 196 220
201 256 218
201 275 201
201 296 195
201 338 208
201 354 198
201 361 216
201 381 208
202 7 208
202 12 218
202 22 215
202 73 190
202 83 198
202 88 185
202 122 212
202 146 196
202 164 187
202 173 206
202 181 185
202 200 211
202 220 212
202 251 210
202 260 219
202 265 199
202 273 200
202 282 190
202 291 212
202 312 183
202 322 219
202 333 215
202 336 219
202 339 196
202 354 195
203 1 184
203 2 212
203 14 192
203 39 190
203 40 185
203 48 195
203 64 212
203 79 193
203 117 202
203 173 208
203 180 191
203 204 212
203 225 219
203 237 216
203 276 195
203 280 219
203 296 202
203 299 195
203 311 182
203 327 211
203 345 186
203 351 215
203 361 206
203 373 182
203 384 203
204 3 189
204 90 210
204 91 214
204 98 202
204 127 210
204 141 188
204 150 205
204 156 192
204 161 185
204 227 181
204 228 196
204 231 186
204 261 189
204 275 214
204 323 196
204 374 205
205 3 182
205 7 193
205 34 190
205 37 218
205 59 215
205 63 196
205 137 211
205 185 217
205 223 188
205 267 218
205 289 194
205 316 201
205 368 193
206 32 218
206 36 206
206 41 193
206 56 209
206 63 207
206 77 186
206 123 220
206 136 189
206 151 182
206 197 214
206 198 204
206 217 199
206 279 219
206 286 200
206 304 192
206 343 220
206 352 202
206 363 187
206 383 193
207 12 213
207 15 202
207 31 201
207 53 194
207 61 214
207 70 197
207 74 214
207 93 209
207 94 205
207 159 202
207 168 198
207 171 196
207 174 219
207 181 184
207 196 180
207 229 195
207 276 193
207 302 187
207 343 217
207 385 217
208 23 209
208 58 180
208 81 185
208 98 216
208 99 217
208 101 184
208 152 219
208 172 184
208 177 216
208 204 198
208 251 183
208 253 199
208 273 181
208 278 216
208 308 203
208 335 211
208 387 191
209 6 183
209 7 206
209 23 213
209 65 218
209 66 220
209 78 181
209 118 194
209 133 206
209 162 209
209 175 190
209 192 211
209 196 196
209 220 190
209 226 193
209 228 190
209 243 200
209 247 218
209 270 184
209 281 200
209 299 203
209 300 203
209 309 181
209 322 207
209 327 193
209 329 189
209 360 208
209 396 195
210 32 189
210 44 188
210 56 202
210 145 217
210 160 204
210 164 220
210 206 204
210 240 205
210 286 180
210 297 184
210 325 218
210 339 190
210 361 206
210 396 215
211 58 210
211 62 190
211 79 208
211 92 194
211 156 214
211 159 185
211 169 180
211 172 213
211 194 182
211 235 211
211 259 199
211 269 208
211 295 190
211 319 213
211 336 208
211 344 189
211 357 217
211 358 185
211 366 195
211 373 218
212 0 218
212 2 203
212 18 194
212 23 207
212 24 218
212 46 218
212 64 198
212 76 214
212 77 203
212 103 201
212 135 206
212 136 215
212 177 187
212 185 198
212 196 209
212 223 191
212 235 190
212 298 202
212 301 205
212 316 193
212 330 203
212 333 193
212 343 180
212 389 205
212 396 187
213 1 192
213 4 220
213 13 199
213 34 180
213 81 216
213 96 183
213 114 188
213 126 185
213 142 190
213 172 192
213 184 196
213 199 200
213 220 186
213 228 189
213 251 205
213 273 199
213 283 188
213 286 184
213 291 196
213 293 195
213 326 206
213 336 200
213 345 188
213 351 216
213 357 205
213 398 208
214 13 209
214 30 181
214 40 199
214 86 192
214 87 200
214 99 192
214 150 208
214 157 211
214 159 215
214 160 207
214 162 198
214 185 195
214 186 207
214 217 217
214 265 181
214 285 196
214 308 213
214 326 217
214 343 196
214 347 183
214 370 187
214 374 207
214 381 187
215 12 206
215 14 194
215 18 180
215 21 196
215 23 182
215 47 180
215 64 212
215 77 193
215 85 214
215 92 181
215 108 214
215 115 209
215 155 200
215 160 212
215 169 186
215 204 208
215 208 212
215 211 195
215 213 203
215 237 186
215 244 204
215 306 211
215 358 216
215 360 191
216 13 200
216 36 210
216 49 192
216 52 216
216 53 218
216 54 209
216 79 217
216 92 215
216 133 196
216 169 211
216 195 208
216 201 202
216 223 180
216 315 220
217 5 199
217 26 191
217 82 220
217 96 184
217 99 181
217 115 206
217 116 186
217 126 207
217 138 217
217 152 198
217 187 182
217 234 196
217 253 212
217 270 215
217 291 212
217 294 205
217 295 211
217 305 207
217 313 184
217 315 198
217 320 203
217 352 218
217 399 195
218 24 190
218 39 220
218 62 182
218 101 194
218 106 189
218 107 212
218 135 194
218 142 203
218 147 191
218 191 210
218 193 181
218 200 215
218 225 186
218 236 210
218 291 192
218 326 205
218 330 198
218 388 193
219 58 205
219 66 199
219 73 220
219 81 198
219 154 203
219 171 198
219 204 186
219 213 188
219 215 220
219 245 200
219 303 215
219 314 186
219 320 198
219 344 190
219 351 205
219 363 199
219 367 219
219 393 217
219 399 180
220 19 198
220 20 199
220 21 215
220 59 187
220 81 187
220 84 186
220 92 208
220 111 181
220 155 194
220 160 204
220 167 210
220 181 213
220 184 187
220 199 216
220 200 190
220 212 181
220 241 214
220 268 212
220 279 193
220 354 207
220 377 212
220 396 215
220 398 214
221 24 196
221 31 210
221 60 189
221 93 217
221 98 196
221 105 187
221 122 214
221 139 180
221 142 185
221 177 188
221 178 198
221 205 186
221 265 183
221 278 209
221 281 212
221 301 195
221 306 215
221 326 188
221 387 213
222 100 211
222 120 188
222 122 180
222 134 189
222 156 197
222 201 191
222 282 199
222 285 215
222 287 216
222 320 211
222 345 220
223 8 217
223 17 217
223 27 199
223 35 219
223 44 212
223 59 205
223 79 201
223 81 207
223 97 196
223 99 208
223 114 184
223 137 187
223 138 220
223 151 220
223 160 219
223 180 207
223 185 189
223 195 197
223 202 195
223 211 186
223 227 182
223 239 215
223 271 183
223 275 182
223 293 181
223 301 215
223 303 195
223 319 196
223 339 190
223 348 214
223 369 210
223 381 215
224 7 191
224 66 193
224 93 218
224 103 209
224 160 214
224 162 189
224 171 205
224 177 201
224 191 211
224 323 188
224 333 207
224 352 195
224 357 209
224 362 202
224 364 215
224 380 187
225 14 199
225 17 213
225 26 185
225 34 209
225 103 217
225 114 201
225 142 215
225 147 218
225 193 205
225 203 220
225 212 200
225 217 215
225 235 220
225 253 205
225 294 203
225 301 213
225 302 195
225 313 190
225 320 193
225 326 202
225 340 201
225 344 183
225 351 195
226 53 187
226 116 210
226 118 217
226 151 216
226 153 185
226 187 183
226 194 198
226 223 197
226 240 218
226 260 182
226 265 206
226 266 209
226 306 214
226 307 211
226 310 203
226 314 190
226 325 209
226 331 208
226 336 216
226 381 219
227 28 187
227 50 191
227 61 217
227 74 209
227 126 215
227 186 196
227 229 182
227 273 205
227 274 207
227 277 185
227 319 216
227 339 184
227 340 214
228 9 206
228 14 188
228 37 186
228 94 203
228 144 218
228 145 193
228 181 193
228 230 196
228 254 217
228 286 194
228 299 196
228 309 205
228 345 203
228 346 194
228 385 182
229 53 209
229 55 217
229 58 186
229 72 207
229 86 205
229 136 196
229 143 211
229 162 219
229 170 186
229 184 211
229 185 193
229 201 210
229 224 220
229 247 218
229 253 204
229 271 215
229 288 202
229 300 215
229 316 204
229 362 213
229 369 187
229 374 218
229 389 215
230 1 201
230 2 190
230 13 198
230 32 212
230 33 199
230 52 194
230 63 199
230 121 204
230 128 217
230 145 188
230 160 186
230 202 204
230 226 202
230 243 191
230 252 205
230 271 182
230 299 192
230 339 182
230 341 212
230 371 183
231 26 203
231 35 207
231 68 210
231 79 182
231 82 205
231 184 180
231 187 194
231 204 213
231 212 215
231 214 211
231 229 191
231 268 212
231 286 201
231 288 186
231 290 204
231 357 185
231 366 184
231 372 190
231 377 184
231 399 186
232 15 193
232 29 189
232 34 217
232 41 191
232 45 219
232 51 197
232 62 181
232 125 199
232 129 181
232 146 217
232 169 213
232 177 201
232 182 210
232 251 220
232 258 184
232 262 211
232 276 180
232 282 207
232 328 190
232 333 207
232 392 212
233 9 210
233 13 203
233 14 182
233 57 196
233 115 219
233 139 192
233 157 216
233 197 214
233 212 192
233 231 215
233 235 207
233 239 218
233 240 210
233 284 210
233 286 198
233 315 182
233 322 190
233 323 210
233 330 218
233 341 200
233 378 196
234 3 185
234 37 181
234 44 198
234 53 214
234 56 211
234 60 215
234 121 180
234 131 199
234 168 202
234 226 202
234 229 190
234 294 210
234 329 182
234 346 189
234 358 184
234 371 187
235 25 198
235 44 218
235 47 197
235 136 198
235 150 186
235 153 207
235 205 204
235 212 204
235 233 182
235 312 196
235 335 215
235 347 210
235 351 215
235 355 182
235 360 187
235 374 220
235 381 197
235 395 216
236 21 190
236 31 195
236 39 207
236 42 214
236 81 195
236 112 210
236 158 187
236 172 183
236 226 215
236 234 220
236 264 207
236 279 213
236 318 219
236 321 189
236 332 201
236 349 206
236 358 200
236 375 199
236 378 189
237 0 180
237 34 181
237 35 210
237 62 180
237 67 187
237 87 203
237 102 181
237 130 193
237 165 182
237 228 201
237 235 198
237 241 204
237 275 211
237 298 205
237 383 196
238 2 182
238 5 199
238 13 212
238 28 186
238 52 203
238 59 193
238 72 217
238 118 196
238 123 214
238 151 211
238 155 213
238 158 211
238 159 202
238 179 191
238 189 195
238 209 218
238 222 186
238 234 208
238 244 190
238 246 189
238 277 220
238 290 185
238 292 210
238 312 216
238 351 210
238 357 198
238 368 196
238 393 216
239 17 219
239 20 199
239 23 219
239 61 205
239 102 200
239 108 191
239 118 193
239 144 215
239 155 219
239 164 196
239 167 186
239 173 214
239 178 196
239 185 183
239 215 210
239 216 195
239 235 184
239 262 218
239 323 219
239 331 214
239 349 201
239 359 219
240 3 204
240 4 218
240 7 200
240 10 194
240 21 183
240 30 198
240 48 220
240 49 184
240 56 190
240 70 217
240 73 190
240 75 193
240 79 192
240 92 203
240 157 206
240 171 182
240 193 203
240 196 208
240 216 182
240 248 205
240 274 220
240 290 214
240 322 204
240 339 191
240 359 196
240 360 187
240 363 189
240 364 205
240 372 180
241 14 197
241 84 212
241 171 199
241 210 208
241 222 187
241 234 180
241 235 220
241 236 193
241 239 215
241 247 206
241 273 208
241 313 185
241 317 201
241 327 192
241 333 214
241 370 206
241 377 198
241 384 218
242 22 204
242 52 184
242 90 218
242 105 185
242 116 198
242 168 196
242 181 185
242 202 217
242 272 215
242 288 197
242 295 182
242 319 198
242 333 180
242 345 203
242 352 220
242 373 207
242 388 214
243 29 204
243 39 217
243 51 186
243 100 216
243 118 211
243 123 207
243 165 214
243 184 192
243 206 198
243 216 213
243 237 206
243 242 181
243 277 189
243 294 217
243 308 214
243 332 218
243 339 188
243 340 186
243 355 193
243 385 209
243 399 196
244 23 213
244 52 204
244 64 197
244 74 194
244 87 206
244 103 185
244 140 191
244 144 183
244 151 190
244 152 194
244 155 201
244 163 209
244 180 193
244 184 193
244 190 205
244 193 192
244 196 183
244 202 205
244 211 186
244 218 204
244 228 201
244 235 204
244 239 214
244 252 206
244 284 183
244 292 185
244 297 200
244 310 212
244 326 201
245 0 180
245 2 191
245 7 205
245 35 188
245 54 199
245 60 219
245 74 189
245 99 207
245 124 184
245 152 196
245 156 215
245 187 210
245 208 186
245 225 220
245 234 208
245 238 206
245 254 182
245 263 189
245 318 212
245 327 199
245 340 191
245 363 206
245 375 218
245 378 199
245 399 198
246 20 206
246 47 184
246 56 214
246 71 196
246 132 191
246 187 191
246 193 204
246 227 218
246 244 192
246 248 208
246 279 212
246 311 187
246 332 188
246 355 216
246 360 187
246 369 219
247 23 217
247 32 191
247 54 190
247 78 189
247 80 185
247 107 194
247 111 194
247 125 187
247 127 199
247 141 210
247 143 202
247 164 187
247 184 218
247 186 183
247 190 182
247 191 197
247 197 184
247 199 192
247 201 209
247 209 206
247 237 204
247 282 188
247 313 214
247 316 214
247 333 188
247 349 205
247 383 209
247 394 202
248 1 184
248 14 189
248 33 194
248 46 211
248 47 205
248 49 185
248 114 194
248 151 202
248 163 186
248 174 197
248 176 195
248 195 193
248 196 196
248 233 198
248 242 190
248 330 218
248 343 202
248 365 211
248 368 210
248 373 185
249 78 214
249 79 213
249 104 208
249 116 211
249 123 191
249 126 218
249 149 217
249 165 186
249 193 220
249 197 188
249 202 210
249 203 204
249 206 201
249 243 201
249 252 182
249 264 186
249 266 219
249 284 188
249 297 195
249 313 192
249 329 210
249 363 192
249 366 182
249 376 195
249 398 195
250 43 197
250 51 203
250 76 189
250 92 211
250 124 195
250 129 182
250 201 217
250 215 190
250 219 198
250 221 189
250 233 216
250 269 214
250 285 185
250 321 208
250 332 185
250 340 183
250 342 182
250 343 181
250 370 201
250 383 214
250 393 205
250 399 211
251 2 214
251 29 216
251 49 191
251 64 218
251 103 187
251 143 206
251 185 197
251 189 183
251 203 209
251 217 214
251 222 212
251 227 197
251 233 182
251 237 203
251 248 183
251 271 209
251 292 186
251 312 204
251 354 203
251 362 184
251 368 211
252 1 218
252 168 204
252 172 184
252 180 186
252 210 182
252 213 206
252 273 198
252 276 191
252 291 214
252 333 194
252 334 182
252 344 200
252 366 218
252 376 198
252 381 216
253 9 209
253 21 203
253 24 214
253 45 200
253 50 187
253 52 180
253 78 198
253 110 187
253 121 191
253 157 187
253 178 182
253 211 219
253 220 214
253 250 198
253 260 193
253 318 215
253 320 190
253 324 215
253 326 208
253 340 202
253 344 211
253 346 217
253 347 191
253 360 185
254 14 185
254 31 182
254 32 218
254 43 218
254 52 198
254 56 202
254 61 215
254 121 205
254 151 196
254 159 200
254 181 183
254 188 210
254 195 183
254 205 203
254 220 180
254 227 182
254 265 211
254 374 192
254 380 180
254 399 183
255 5 206
255 15 192
255 61 204
255 107 214
255 113 219
255 129 184
255 138 195
255 172 183
255 198 204
255 200 186
255 233 202
255 257 218
255 273 193
255 296 187
255 391 181
256 8 200
256 25 187
256 38 214
256 74 193
256 83 186
256 148 205
256 152 216
256 155 183
256 161 202
256 166 197
256 215 200
256 240 200
256 245 194
256 258 208
256 276 200
256 330 216
256 333 182
256 370 201
257 4 214
257 50 218
257 79 219
257 82 180
257 125 186
257 153 187
257 160 208
257 178 214
257 195 205
257 249 198
257 259 203
257 300 207
257 316 196
257 337 193
257 338 181
257 368 217
257 387 199
258 9 219
258 22 203
258 23 209
258 25 219
258 45 205
258 70 217
258 72 215
258 92 195
258 108 182
258 114 188
258 134 185
258 136 216
258 157 197
258 158 190
258 179 196
258 239 185
258 263 180
258 285 202
258 316 191
259 84 185
259 91 192
259 123 190
259 148 181
259 161 215
259 174 208
259 210 219
259 246 204
259 254 203
259 281 219
259 293 185
259 300 212
260 9 182
260 13 205
260 20 212
260 48 216
260 77 180
260 94 220
260 110 201
260 126 209
260 128 190
260 152 211
260 166 186
260 191 217
260 192 195
260 205 185
260 238 185
260 259 219
260 274 207
260 301 198
260 340 180
260 387 213
261 4 216
261 19 197
261 22 195
261 27 205
261 76 210
261 78 189
261 80 184
261 96 184
261 97 215
261 141 202
261 167 197
261 177 211
261 182 193
261 184 190
261 188 194
261 189 190
261 202 192
261 215 189
261 221 190
261 279 214
261 281 217
261 315 215
261 322 214
261 367 216
261 373 201
261 390 205
262 90 212
262 109 208
262 156 188
262 192 203
262 195 194
262 197 201
262 199 191
262 223 181
262 228 193
262 235 193
262 250 192
262 271 188
262 306 220
262 317 215
262 319 216
262 350 215
262 354 195
262 372 217
262 373 191
262 376 208
262 399 194
263 16 198
263 66 216
263 71 184
263 77 189
263 130 190
263 135 220
263 236 201
263 242 189
263 274 197
263 292 206
263 303 200
263 334 202
263 351 181
263 368 186
263 391 203
264 16 213
264 17 200
264 18 191
264 42 180
264 47 214
264 48 196
264 55 182
264 93 195
264 98 191
264 108 189
264 117 203
264 118 217
264 157 208
264 167 186
264 219 184
264 223 206
264 272 211
264 286 216
264 291 181
264 336 215
264 350 212
264 361 187
264 376 183
265 3 201
265 4 184
265 6 213
265 19 185
265 22 183
265 42 189
265 66 182
265 68 180
265 82 220
265 89 213
265 110 182
265 116 182
265 137 203
265 141 212
265 177 199
265 184 189
265 191 191
265 195 208
265 208 183
265 222 191
265 264 185
265 273 199
265 275 206
265 278 214
265 312 199
265 314 197
265 332 199
265 337 213
265 369 206
266 43 189
266 77 202
266 115 204
266 122 217
266 126 185
266 148 210
266 172 202
266 184 209
266 206 210
266 236 194
266 278 212
266 311 190
266 318 219
266 326 210
266 342 205
266 374 191
267 46 200
267 100 218
267 134 200
267 148 185
267 161 195
267 168 212
267 171 185
267 174 205
267 212 194
267 214 214
267 241 219
267 294 192
267 303 219
267 334 219
267 352 187
267 353 219
267 377 196
267 380 208
268 21 201
268 27 213
268 73 216
268 78 186
268 87 208
268 88 197
268 110 184
268 123 207
268 142 200
268 163 219
268 173 200
268 177 213
268 183 219
268 225 206
268 229 198
268 236 209
268 237 201
268 244 194
268 252 202
268 271 187
268 316 199
268 334 185
269 10 213
269 14 211
269 28 211
269 70 197
269 84 196
269 88 200
269 178 214
269 192 216
269 206 185
269 270 187
269 334 182
269 337 215
269 374 181
269 393 198
270 9 197
270 33 205
270 53 218
270 60 192
270 75 205
270 78 197
270 126 214
270 142 182
270 146 193
270 176 209
270 202 186
270 219 189
270 226 214
270 243 197
270 306 196
270 328 207
270 363 181
270 369 195
270 374 219
270 379 212
270 381 200
270 392 191
271 22 186
271 26 220
271 52 180
271 85 210
271 88 209
271 100 219
271 124 210
271 155 215
271 189 197
271 193 194
271 198 201
271 210 206
271 228 215
271 242 190
271 265 207
271 306 193
271 312 215
271 350 202
271 379 185
271 394 189
272 11 197
272 12 193
272 23 193
272 45 185
272 74 217
272 91 196
272 108 197
272 115 203
272 118 198
272 128 207
272 133 203
272 134 214
272 139 206
272 192 205
272 242 188
272 274 205
272 281 204
272 304 209
272 322 213
272 334 211
272 347 217
272 352 183
272 354 185
272 359 208
272 388 200
273 26 215
273 28 216
273 46 214
273 48 197
273 62 193
273 107 206
273 123 196
273 143 191
273 146 191
273 158 211
273 161 203
273 211 196
273 224 180
273 235 211
273 262 184
273 293 212
273 304 208
273 316 181
273 321 211
273 334 198
273 336 208
273 344 200
273 345 192
273 346 195
273 354 191
273 355 220
273 377 198
273 390 214
274 6 181
274 15 184
274 20 200
274 43 204
274 45 204
274 59 212
274 70 181
274 85 211
274 111 196
274 129 194
274 149 213
274 164 212
274 273 190
274 279 191
274 336 219
274 358 211
274 359 213
274 370 201
274 374 212
275 3 199
275 50 204
275 77 213
275 100 199
275 117 202
275 133 212
275 178 202
275 187 206
275 192 186
275 196 216
275 198 212
275 211 209
275 236 201
275 238 198
275 243 194
275 317 199
275 335 191
275 340 188
275 358 187
275 366 198
275 375 191
275 382 198
276 12 198
276 19 181
276 22 198
276 40 193
276 54 208
276 87 195
276 95 211
276 99 182
276 113 216
276 128 195
276 166 187
276 255 187
276 272 198
276 286 193
276 288 186
276 299 195
276 308 208
276 337 181
276 357 216
276 373 216
276 382 181
276 395 207
277 1 203
277 33 213
277 34 191
277 51 206
277 53 190
277 62 217
277 66 189
277 81 181
277 106 189
277 111 199
277 125 186
277 167 208
277 195 213
277 220 205
277 245 219
277 255 210
277 256 183
277 286 203
277 310 214
277 352 217
277 353 213
278 13 183
278 15 202
278 20 187
278 38 180
278 84 195
278 85 199
278 99 203
278 134 186
278 140 187
278 155 220
278 163 202
278 166 181
278 172 202
278 173 183
278 174 203
278 214 181
278 227 182
278 246 194
278 249 200
278 288 194
278 306 207
278 313 204
278 376 188
278 385 216
279 45 205
279 63 196
279 69 181
279 70 213
279 72 187
279 157 216
279 173 200
279 202 211
279 211 220
279 235 199
279 253 214
279 275 216
279 294 198
279 298 206
279 316 193
279 317 204
279 333 213
279 386 194
280 2 215
280 38 186
280 51 220
280 84 211
280 98 206
280 101 197
280 139 183
280 192 200
280 209 209
280 211 183
280 227 200
280 247 211
280 299 185
280 345 188
280 348 194
280 372 186
280 378 198
281 29 215
281 38 189
281 45 218
281 73 195
281 78 213
281 244 188
281 249 217
281 251 186
281 261 195
281 271 209
281 275 209
281 289 186
281 291 194
281 292 184
281 302 181
281 306 211
281 357 181
281 372 203
281 374 214
281 376 205
281 385 216
281 387 211
282 11 215
282 25 186
282 28 199
282 57 192
282 81 196
282 102 192
282 117 212
282 118 220
282 133 190
282 141 208
282 145 220
282 194 217
282 199 215
282 219 200
282 235 189
282 243 188
282 250 211
282 253 211
282 262 185
282 276 212
282 317 198
282 334 210
282 349 215
282 369 197
282 379 201
282 391 192
283 0 201
283 6 203
283 13 207
283 46 188
283 50 212
283 101 183
283 106 203
283 108 205
283 132 213
283 237 208
283 256 198
283 266 215
283 310 206
283 316 195
283 343 199
283 377 205
284 22 215
284 42 192
284 53 208
284 82 201
284 103 218
284 108 214
284 112 186
284 118 181
284 120 198
284 163 187
284 230 213
284 264 180
284 267 206
284 276 208
284 281 192
284 285 202
284 306 216
284 314 198
284 325 217
284 331 212
284 390 201
285 7 214
285 28 186
285 44 210
285 54 181
285 75 181
285 87 190
285 93 181
285 100 193
285 165 181
285 168 189
285 177 188
285 308 196
285 327 190
285 330 214
285 368 207
285 379 214
285 387 215
285 389 212
286 29 214
286 56 195
286 97 202
286 132 190
286 150 195
286 161 189
286 162 209
286 165 196
286 233 205
286 249 219
286 308 214
286 312 205
286 365 199
286 399 219
287 4 215
287 53 198
287 60 213
287 144 205
287 151 220
287 159 197
287 170 220
287 182 197
287 205 204
287 208 213
287 233 209
287 261 200
287 270 195
287 276 206
287 284 197
287 288 204
287 315 215
287 334 192
287 349 184
287 350 218
287 367 219
287 386 209
287 391 206
288 56 186
288 59 181
288 62 194
288 81 207
288 105 191
288 123 220
288 128 211
288 132 217
288 135 187
288 143 218
288 177 196
288 179 207
288 180 197
288 186 201
288 196 185
288 230 217
288 250 215
288 257 180
288 312 180
288 340 189
288 366 213
288 389 192
289 28 203
289 64 189
289 70 203
289 93 215
289 104 188
289 124 207
289 139 210
289 168 219
289 175 198
289 205 189
289 233 214
289 257 194
289 260 181
289 291 210
289 351 207
289 382 210
289 391 184
289 392 184
290 32 187
290 54 184
290 83 187
290 84 220
290 116 197
290 127 187
290 136 190
290 143 212
290 147 208
290 153 209
290 174 205
290 189 200
290 254 219
290 297 184
290 310 186
290 318 205
290 332 192
290 350 181
290 378 204
290 385 199
290 396 209
291 1 218
291 5 184
291 8 206
291 11 187
291 22 192
291 28 190
291 29 220
291 43 186
291 68 203
291 120 208
291 172 190
291 201 198
291 219 184
291 233 202
291 249 200
291 286 194
291 300 212
291 308 191
291 344 196
291 352 185
291 375 210
291 382 220
291 385 202
292 29 209
292 32 206
292 70 212
292 88 207
292 89 209
292 94 217
292 133 184
292 158 180
292 174 200
292 177 208
292 216 183
292 233 217
292 241 180
292 248 196
292 249 195
292 262 201
292 277 212
292 308 192
292 330 198
292 350 208
292 391 198
292 397 207
293 2 182
293 12 208
293 14 211
293 16 182
293 19 219
293 37 218
293 43 216
293 82 181
293 96 199
293 124 196
293 128 195
293 141 189
293 154 209
293 158 220
293 172 192
293 180 218
293 221 210
293 235 211
293 264 197
293 314 214
293 315 207
293 355 212
293 376 200
293 390 218
294 8 194
294 10 193
294 41 200
294 65 217
294 72 198
294 132 218
294 159 220
294 246 199
294 260 186
294 318 181
294 353 180
294 364 204
294 387 182
294 390 195
295 2 205
295 55 191
295 105 209
295 143 185
295 180 213
295 189 214
295 202 192
295 219 204
295 235 207
295 289 204
295 292 188
295 324 205
295 332 217
295 341 217
295 351 219
295 374 196
295 389 182
296 75 196
296 109 210
296 122 213
296 125 191
296 126 188
296 132 216
296 170 205
296 218 201
296 277 195
296 278 214
296 287 198
296 313 205
296 344 212
296 370 205
296 396 198
297 14 205
297 15 199
297 38 204
297 56 211
297 67 206
297 83 181
297 85 200
297 101 218
297 106 189
297 108 202
297 123 187
297 124 210
297 179 217
297 183 181
297 194 189
297 223 207
297 263 211
297 286 188
297 311 196
297 370 203
297 372 199
297 373 204
297 392 213
297 398 205
298 12 202
298 26 217
298 39 192
298 115 180
298 126 198
298 131 190
298 136 218
298 137 212
298 152 220
298 182 200
298 263 209
298 271 187
298 281 181
298 283 212
298 341 193
298 342 197
298 352 201
298 354 182
298 366 213
298 368 210
298 377 220
299 3 204
299 17 208
299 49 198
299 50 190
299 52 191
299 66 209
299 73 203
299 132 188
299 138 186
299 169 217
299 189 217
299 222 191
299 225 214
299 231 188
299 236 185
299 260 180
299 305 214
299 309 216
299 320 181
299 361 212
299 369 182
299 371 192
300 18 185
300 24 212
300 50 200
300 74 218
300 112 182
300 119 211
300 127 212
300 133 184
300 136 202
300 147 208
300 227 214
300 230 191
300 231 198
300 255 220
300 298 201
300 307 201
300 310 215
300 313 188
300 353 215
300 355 214
300 364 181
301 5 189
301 37 196
301 67 213
301 97 193
301 102 202
301 108 182
301 132 208
301 135 192
301 139 205
301 153 201
301 168 203
301 186 206
301 203 206
301 209 218
301 217 203
301 268 187
301 281 214
301 283 203
301 303 187
301 329 204
301 369 201
301 370 195
302 39 200
302 44 217
302 58 203
302 63 204
302 89 189
302 99 184
302 100 188
302 118 184
302 144 211
302 151 182
302 161 208
302 167 180
302 176 217
302 177 184
302 189 183
302 207 213
302 220 220
302 235 184
302 237 191
302 287 217
302 336 216
302 376 184
302 398 183
303 14 217
303 15 198
303 49 206
303 54 184
303 59 220
303 162 199
303 163 220
303 240 198
303 242 195
303 254 182
303 270 182
303 272 203
303 275 202
303 336 196
303 341 219
303 354 190
303 375 182
303 395 213
304 10 184
304 42 214
304 49 216
304 69 181
304 88 187
304 130 186
304 185 200
304 194 208
304 230 217
304 232 217
304 233 196
304 252 205
304 274 202
304 277 219
304 301 200
304 314 199
304 324 185
304 327 186
304 337 208
304 353 190
305 56 200
305 89 200
305 100 201
305 127 197
305 131 204
305 189 213
305 193 211
305 194 190
305 219 218
305 240 207
305 245 203
305 269 220
305 271 218
305 280 184
305 320 215
305 330 183
305 335 185
305 370 180
305 373 181
306 4 201
306 12 211
306 31 215
306 36 212
306 61 184
306 76 203
306 87 216
306 110 204
306 118 214
306 158 186
306 205 206
306 217 191
306 226 207
306 263 204
306 264 201
306 297 191
306 308 210
306 320 204
306 348 184
306 350 193
306 383 220
306 393 204
307 22 214
307 33 183
307 34 194
307 49 202
307 53 183
307 101 214
307 130 181
307 143 186
307 173 189
307 184 193
307 202 185
307 217 195
307 236 203
307 290 181
307 334 196
307 341 194
307 356 209
307 374 183
307 389 220
308 21 220
308 27 199
308 30 194
308 49 183
308 62 189
308 104 207
308 135 213
308 138 196
308 268 203
308 307 213
308 311 208
308 328 200
308 346 215
308 351 201
308 368 200
308 379 205
308 383 188
308 384 183
309 4 213
309 24 208
309 30 216
309 36 198
309 50 187
309 121 180
309 127 200
309 136 181
309 171 185
309 173 210
309 186 203
309 218 194
309 223 201
309 308 185
309 311 206
309 349 215
309 365 217
309 366 197
310 2 200
310 10 189
310 32 205
310 41 213
310 56 217
310 63 180
310 120 197
310 142 214
310 147 218
310 209 187
310 213 188
310 215 182
310 225 218
310 234 180
310 270 197
310 275 209
310 283 192
310 335 202
310 339 182
310 348 191
310 364 193
311 27 209
311 28 199
311 35 211
311 37 188
311 65 205
311 103 215
311 113 195
311 179 203
311 207 184
311 218 208
311 221 181
311 249 182
311 278 207
311 298 214
311 342 214
311 345 186
311 364 192
311 373 215
311 387 216
312 5 218
312 68 214
312 80 186
312 109 186
312 135 212
312 193 220
312 200 210
312 225 183
312 227 189
312 244 211
312 250 182
312 262 206
312 263 188
312 270 212
312 297 187
312 352 184
312 355 197
312 372 203
312 393 216
312 396 216
313 16 212
313 31 189
313 48 182
313 122 185
313 124 191
313 128 210
313 130 220
313 167 217
313 181 218
313 239 218
313 245 217
313 249 195
313 259 194
313 264 202
313 283 181
313 305 189
313 307 189
313 333 212
313 384 187
313 388 214
313 393 188
313 396 208
314 37 192
314 46 202
314 102 220
314 103 211
314 147 185
314 206 212
314 214 199
314 254 218
314 282 198
314 290 187
314 328 217
314 346 206
314 369 203
314 395 184
315 4 200
315 21 199
315 52 203
315 101 217
315 104 189
315 110 182
315 137 180
315 145 212
315 178 199
315 202 197
315 255 194
315 274 205
315 285 185
315 328 195
315 356 209
315 362 199
316 19 208
316 32 186
316 39 195
316 100 195
316 101 199
316 147 197
316 181 208
316 188 185
316 204 186
316 206 194
316 240 195
316 280 213
316 290 200
316 308 185
316 331 209
316 332 211
316 336 191
316 376 182
316 378 200
317 34 188
317 60 189
317 108 184
317 111 216
317 112 198
317 155 185
317 172 205
317 186 181
317 189 183
317 213 192
317 215 191
317 225 197
317 234 184
317 260 219
317 274 181
317 275 198
317 285 184
317 335 195
317 378 212
317 388 204
317 397 200
318 14 216
318 15 217
318 33 187
318 72 211
318 111 182
318 113 209
318 131 191
318 175 217
318 177 196
318 196 190
318 234 220
318 236 180
318 255 182
318 265 193
318 275 218
318 279 182
318 287 208
318 328 189
318 337 195
318 353 204
318 398 209
319 35 209
319 38 206
319 67 190
319 95 201
319 100 217
319 203 200
319 222 215
319 232 198
319 255 201
319 350 219
319 354 210
319 361 193
319 372 208
320 2 196
320 17 194
320 27 188
320 29 194
320 37 195
320 49 191
320 99 195
320 105 214
320 126 198
320 156 182
320 165 213
320 167 183
320 210 208
320 219 191
320 220 220
320 225 216
320 232 217
320 235 199
320 243 190
320 250 188
320 261 198
320 262 218
320 282 214
320 288 194
320 294 213
320 334 187
320 368 206
320 396 213
321 6 196
321 36 190
321 103 193
321 136 185
321 137 205
321 141 192
321 144 208
321 154 195
321 173 202
321 180 220
321 185 194
321 190 213
321 224 210
321 229 216
321 250 187
321 300 189
321 313 203
321 326 194
321 357 216
321 364 209
321 367 219
321 376 189
322 0 180
322 24 209
322 27 193
322 68 186
322 69 192
322 125 216
322 126 214
322 134 208
322 147 194
322 166 217
322 196 197
322 219 198
322 222 214
322 229 182
322 274 185
322 301 203
322 313 189
322 320 206
322 329 200
322 379 181
322 390 212
323 6 189
323 13 220
323 140 194
323 154 220
323 163 187
323 164 187
323 166 204
323 170 213
323 172 200
323 190 184
323 207 185
323 239 202
323 245 220
323 262 182
323 312 181
323 330 187
323 380 182
323 384 194
323 396 184
324 11 212
324 39 182
324 58 210
324 73 186
324 81 186
324 93 189
324 123 191
324 168 203
324 174 191
324 211 181
324 272 199
324 276 204
324 303 183
324 308 189
324 321 196
324 340 187
325 7 183
325 61 198
325 86 192
325 94 204
325 99 184
325 102 211
325 108 189
325 172 209
325 217 212
325 257 205
325 259 180
325 278 199
325 298 183
325 309 218
325 327 183
325 348 206
326 9 189
326 63 190
326 68 216
326 71 187
326 103 209
326 130 180
326 131 199
326 139 190
326 144 208
326 161 211
326 177 210
326 195 210
326 207 220
326 210 201
326 211 184
326 245 202
326 258 191
326 259 189
326 260 199
326 283 213
326 320 210
326 323 209
326 329 195
326 336 208
326 373 190
326 381 219
327 36 207
327 42 195
327 50 190
327 53 202
327 55 184
327 61 217
327 128 209
327 135 205
327 139 185
327 168 188
327 186 201
327 199 202
327 201 209
327 218 211
327 240 190
327 257 217
327 262 216
327 282 211
327 288 183
327 295 192
327 334 200
327 355 193
327 374 197
327 387 197
328 1 211
328 11 201
328 23 209
328 48 182
328 57 188
328 78 192
328 92 206
328 110 184
328 132 214
328 135 182
328 145 214
328 160 218
328 178 190
328 181 215
328 209 217
328 226 185
328 232 190
328 262 207
328 271 182
328 288 189
328 310 185
328 317 192
328 327 181
328 379 188
328 383 209
329 40 218
329 70 186
329 81 208
329 87 190
329 126 200
329 167 193
329 171 193
329 258 202
329 262 204
329 265 180
329 291 213
329 294 212
329 296 194
329 369 192
329 372 217
329 378 201
329 388 184
329 395 213
330 9 193
330 20 186
330 29 184
330 37 194
330 41 193
330 105 211
330 109 208
330 110 193
330 151 218
330 153 206
330 155 214
330 171 196
330 187 219
330 225 182
330 244 208
330 251 181
330 261 211
330 271 189
330 291 192
330 309 214
330 322 208
330 332 190
330 336 180
330 337 190
330 386 199
330 390 213
330 394 185
330 395 186
331 20 219
331 59 191
331 76 215
331 89 183
331 96 211
331 119 219
331 121 207
331 123 213
331 135 210
331 138 218
331 147 185
331 168 191
331 207 219
331 249 186
331 253 220
331 267 215
331 269 219
331 283 207
331 285 193
331 292 195
331 343 212
331 364 195
331 368 213
332 10 208
332 14 218
332 15 220
332 19 207
332 22 188
332 68 185
332 79 212
332 91 183
332 98 200
332 130 187
332 161 180
332 173 219
332 179 199
332 187 220
332 196 220
332 206 199
332 220 209
332 275 186
332 284 217
332 289 217
332 290 201
332 309 189
332 315 180
332 329 206
332 337 195
332 345 197
332 360 192
332 383 211
332 398 196
333 2 204
333 19 215
333 21 188
333 54 189
333 56 216
333 57 204
333 114 210
333 138 186
333 141 218
333 151 190
333 194 197
333 241 197
333 271 208
333 277 220
333 329 187
333 348 201
333 371 206
333 376 184
334 4 203
334 9 185
334 20 212
334 22 216
334 57 209
334 61 219
334 66 190
334 81 181
334 110 209
334 123 180
334 195 199
334 216 213
334 229 196
334 244 206
334 250 219
334 258 210
334 308 212
334 310 189
334 328 203
334 342 201
335 6 183
335 14 180
335 45 187
335 58 180
335 72 182
335 79 196
335 118 193
335 237 184
335 246 210
335 286 187
335 293 180
335 299 208
335 303 208
335 319 190
335 320 181
335 330 208
335 345 180
335 372 215
335 378 181
336 17 205
336 19 203
336 42 201
336 44 191
336 93 218
336 103 211
336 110 208
336 117 189
336 136 219
336 183 198
336 215 206
336 220 205
336 269 215
336 283 180
336 306 192
336 348 200
336 379 216
337 3 217
337 13 198
337 41 218
337 80 220
337 90 215
337 145 199
337 148 202
337 179 200
337 215 202
337 216 180
337 237 220
337 267 217
337 273 192
337 275 195
337 288 218
337 289 183
337 291 185
337 304 202
337 310 217
337 321 195
337 326 218
337 356 210
337 365 180
337 378 196
337 382 195
337 390 186
338 39 205
338 61 198
338 84 195
338 91 220
338 105 180
338 207 209
338 232 201
338 237 204
338 243 181
338 304 206
338 324 195
338 329 205
338 355 211
338 363 217
338 384 202
338 398 189
339 67 218
339 77 213
339 87 185
339 94 187
339 132 218
339 162 188
339 281 188
339 293 196
339 301 203
339 304 189
339 305 215
339 380 194
339 381 213
340 35 184
340 41 182
340 60 209
340 65 215
340 78 201
340 108 207
340 112 209
340 123 190
340 136 183
340 146 193
340 157 212
340 158 188
340 159 195
340 194 183
340 212 194
340 221 201
340 275 199
340 283 215
340 290 181
340 291 197
340 294 220
340 309 202
340 322 199
340 347 181
340 370 187
340 391 198
341 68 216
341 69 197
341 96 181
341 104 200
341 128 218
341 138 217
341 171 184
341 178 215
341 210 192
341 294 189
341 310 191
341 318 198
341 320 189
341 321 195
341 322 216
341 367 190
341 370 202
341 371 219
341 397 214
342 1 180
342 45 195
342 47 204
342 53 205
342 90 200
342 99 188
342 115 212
342 122 213
342 127 215
342 194 181
342 209 198
342 213 219
342 237 213
342 271 208
342 301 195
342 305 189
342 320 213
342 339 218
342 346 184
342 357 199
343 20 196
343 51 190
343 62 208
343 149 211
343 203 194
343 247 206
343 267 182
343 268 207
343 308 181
343 340 216
343 353 185
343 356 204
343 357 195
343 361 190
343 393 210
343 394 207
344 38 189
344 49 182
344 73 195
344 78 195
344 87 182
344 94 189
344 115 206
344 125 200
344 191 195
344 199 219
344 204 181
344 209 180
344 227 218
344 232 210
344 243 186
344 274 180
344 277 210
344 291 198
344 325 181
344 331 186
344 340 208
344 391 199
344 395 196
344 398 205
344 399 193
345 26 220
345 36 218
345 52 205
345 70 212
345 127 205
345 146 211
345 148 189
345 152 189
345 182 199
345 183 202
345 188 185
345 216 202
345 279 186
345 301 195
345 333 204
345 340 195
345 350 200
345 363 199
345 389 194
345 396 206
346 43 210
346 45 213
346 68 189
346 154 180
346 186 195
346 190 182
346 230 210
346 238 180
346 262 180
346 267 185
346 280 201
346 306 200
346 316 211
346 336 213
346 337 207
346 345 216
346 357 206
346 378 203
347 23 199
347 74 189
347 86 197
347 95 197
347 120 212
347 177 204
347 197 182
347 223 191
347 224 220
347 230 209
347 258 199
347 265 214
347 267 212
347 320 193
347 339 217
347 348 185
347 378 208
348 21 182
348 48 210
348 120 219
348 126 216
348 134 209
348 169 206
348 183 217
348 191 193
348 214 193
348 216 208
348 240 185
348 254 213
348 267 211
348 275 181
348 306 210
348 312 219
348 352 194
348 395 183
348 399 214
349 15 197
349 23 212
349 36 206
349 81 216
349 127 200
349 146 200
349 176 197
349 193 219
349 219 206
349 244 208
349 262 211
349 280 199
349 293 203
349 300 182
349 316 214
349 355 181
349 361 187
350 33 208
350 74 182
350 120 191
350 156 197
350 193 183
350 248 196
350 270 202
350 277 195
350 289 182
350 293 219
350 341 202
350 344 204
350 353 191
350 357 205
350 372 201
350 378 217
350 382 187
351 9 216
351 19 202
351 27 208
351 46 195
351 51 191
351 88 202
351 154 181
351 168 217
351 199 217
351 205 188
351 211 203
351 235 215
351 243 218
351 246 212
351 252 211
351 304 182
351 328 204
351 356 209
351 372 196
352 22 184
352 43 209
352 47 197
352 53 205
352 120 199
352 137 211
352 140 191
352 141 217
352 148 184
352 171 188
352 183 192
352 198 219
352 204 202
352 209 215
352 237 215
352 268 181
352 285 202
352 306 187
352 321 192
352 344 205
353 31 214
353 34 186
353 44 188
353 87 217
353 93 205
353 100 182
353 116 195
353 179 195
353 203 181
353 238 180
353 249 194
353 260 217
353 278 220
353 285 219
353 288 207
353 308 203
353 316 205
353 337 208
353 355 200
353 392 182
354 61 189
354 64 202
354 72 203
354 92 217
354 94 210
354 99 199
354 111 198
354 162 199
354 190 207
354 198 200
354 273 189
354 277 198
354 280 214
354 291 204
354 356 211
354 359 206
354 370 207
354 386 213
354 396 210
355 13 204
355 23 211
355 61 208
355 94 204
355 96 200
355 114 214
355 143 199
355 157 213
355 166 216
355 175 213
355 180 207
355 214 198
355 254 180
355 257 198
355 262 196
355 269 218
355 282 215
355 293 205
355 343 190
355 370 180
355 371 198
355 399 181
356 28 203
356 61 215
356 73 208
356 79 218
356 84 180
356 98 191
356 100 193
356 107 199
356 117 192
356 123 185
356 138 205
356 144 199
356 189 202
356 190 203
356 191 202
356 216 187
356 242 186
356 245 206
356 263 206
356 269 217
356 297 192
356 322 185
356 332 208
356 390 208
356 398 207
357 22 217
357 67 201
357 119 207
357 124 189
357 199 213
357 206 212
357 221 198
357 268 183
357 316 220
357 318 218
357 344 196
357 351 200
357 369 196
357 370 193
358 58 181
358 70 191
358 143 209
358 194 187
358 210 196
358 217 200
358 237 213
358 243 213
358 244 198
358 254 210
358 257 219
358 269 214
358 283 210
358 284 219
358 316 218
358 321 184
358 326 180
358 346 181
358 354 207
358 362 205
358 365 210
358 366 183
359 15 194
359 17 182
359 67 185
359 83 187
359 110 187
359 127 203
359 135 211
359 157 217
359 179 207
359 189 184
359 208 197
359 209 181
359 210 199
359 231 183
359 247 201
359 251 215
359 259 206
359 283 188
359 297 181
359 313 211
359 315 216
359 317 210
359 343 196
359 369 192
359 370 205
359 399 205
360 14 183
360 22 199
360 52 183
360 80 201
360 119 193
360 120 180
360 132 218
360 134 196
360 157 186
360 204 195
360 217 196
360 293 217
360 310 209
360 329 216
360 345 204
360 383 186
360 385 184
360 386 201
360 394 212
361 55 187
361 68 189
361 69 220
361 80 203
361 83 206
361 96 216
361 101 211
361 110 182
361 119 202
361 133 208
361 136 181
361 142 200
361 146 192
361 173 189
361 186 212
361 189 189
361 232 198
361 238 184
361 294 194
361 300 204
361 334 196
361 355 211
361 370 193
362 9 183
362 37 219
362 78 191
362 116 219
362 143 216
362 154 199
362 170 213
362 197 216
362 199 197
362 267 207
362 294 186
362 322 183
362 335 181
362 377 188
362 386 186
363 2 190
363 8 180
363 21 187
363 33 200
363 70 215
363 140 193
363 146 185
363 158 197
363 181 218
363 198 218
363 224 203
363 232 215
363 233 202
363 249 211
363 263 216
363 277 207
363 287 206
363 303 202
363 314 193
363 322 183
363 329 213
363 343 209
363 356 199
363 365 182
363 393 210
364 20 199
364 37 204
364 47 208
364 64 196
364 65 193
364 75 182
364 108 185
364 113 217
364 154 209
364 159 215
364 163 214
364 177 180
364 183 202
364 197 186
364 200 217
364 206 215
364 226 188
364 316 212
364 323 212
364 344 206
364 354 206
364 384 185
365 20 202
365 25 203
365 37 186
365 62 199
365 91 189
365 136 180
365 161 186
365 172 190
365 203 188
365 219 203
365 236 193
365 237 219
365 244 210
365 252 197
365 257 199
365 267 192
365 270 213
365 299 184
365 332 198
365 381 207
365 398 217
366 14 217
366 43 182
366 51 216
366 54 202
366 62 202
366 64 212
366 81 191
366 104 184
366 128 203
366 148 208
366 150 204
366 151 187
366 157 196
366 181 220
366 189 186
366 197 213
366 205 193
366 210 180
366 213 184
366 227 213
366 254 185
366 255 205
366 263 207
366 276 186
366 292 217
366 306 200
366 321 197
366 337 218
366 353 207
366 381 193
367 31 191
367 67 196
367 107 197
367 110 203
367 169 220
367 171 200
367 226 180
367 242 214
367 274 212
367 294 218
367 309 192
367 337 196
367 358 195
367 374 212
368 4 181
368 26 194
368 27 183
368 32 188
368 41 199
368 43 205
368 52 199
368 82 192
368 122 215
368 126 209
368 129 183
368 137 211
368 152 180
368 159 194
368 207 202
368 210 217
368 212 196
368 233 207
368 254 195
368 256 206
368 281 191
368 319 213
368 395 192
369 46 187
369 92 187
369 114 215
369 171 210
369 173 185
369 226 212
369 229 218
369 242 220
369 259 202
369 265 183
369 293 195
369 311 190
369 314 192
369 348 208
369 378 200
370 16 187
370 17 196
370 76 209
370 91 216
370 176 206
370 188 196
370 232 205
370 249 206
370 273 201
370 275 206
370 285 201
370 286 208
370 318 204
370 326 195
370 345 185
370 364 197
370 365 202
371 24 212
371 47 193
371 88 204
371 93 215
371 115 194
371 120 180
371 124 201
371 125 187
371 141 204
371 147 202
371 149 183
371 154 206
371 197 215
371 203 213
371 212 195
371 273 210
371 286 205
371 303 187
371 341 212
371 372 210
372 35 216
372 44 192
372 64 214
372 91 200
372 95 180
372 127 220
372 138 193
372 142 203
372 174 199
372 187 212
372 192 196
372 237 216
372 245 195
372 247 184
372 258 210
372 276 199
372 281 203
372 287 218
372 296 198
372 345 217
373 61 206
373 62 219
373 78 186
373 82 215
373 118 202
373 119 217
373 153 208
373 154 190
373 165 181
373 216 211
373 277 215
373 297 207
373 313 201
373 331 201
373 346 213
373 398 204
374 11 186
374 44 209
374 45 183
374 66 203
374 85 206
374 163 193
374 222 185
374 228 198
374 233 218
374 286 218
374 305 191
374 332 214
374 371 206
374 382 219
374 387 204
375 10 200
375 14 204
375 18 204
375 27 188
375 37 190
375 57 208
375 61 194
375 81 213
375 94 216
375 102 209
375 108 209
375 171 211
375 178 211
375 206 198
375 245 214
375 358 196
375 366 210
375 384 204
376 3 181
376 5 195
376 6 183
376 17 213
376 18 216
376 32 192
376 43 190
376 48 187
376 61 182
376 65 192
376 75 185
376 140 217
376 159 194
376 170 204
376 205 209
376 234 190
376 239 188
376 244 208
376 251 189
376 257 182
376 276 191
376 315 198
376 356 203
376 359 197
376 364 182
376 377 190
376 384 186
376 386 180
376 394 217
376 396 215
377 30 183
377 33 184
377 85 195
377 87 212
377 108 201
377 119 214
377 131 217
377 197 186
377 206 214
377 222 209
377 224 181
377 277 190
377 324 194
377 338 202
377 389 185
378 60 184
378 77 184
378 80 219
378 96 210
378 104 191
378 110 196
378 127 212
378 134 215
378 136 196
378 142 209
378 147 212
378 150 218
378 163 214
378 175 215
378 179 213
378 181 196
378 208 206
378 238 181
378 245 198
378 266 187
378 318 187
378 325 186
378 337 219
378 368 207
378 385 201
379 7 195
379 12 208
379 33 215
379 40 199
379 64 182
379 94 218
379 164 207
379 167 200
379 175 182
379 191 192
379 193 198
379 204 188
379 221 217
379 236 215
379 308 189
379 313 219
379 315 220
379 342 199
379 344 212
379 346 196
379 362 219
379 369 204
379 370 219
379 371 213
379 390 215
380 23 183
380 31 207
380 37 182
380 68 217
380 88 209
380 107 209
380 150 186
380 157 183
380 160 206
380 172 180
380 174 193
380 206 182
380 292 180
380 295 187
380 305 202
380 317 213
380 347 190
380 361 180
381 14 189
381 23 218
381 34 189
381 68 187
381 89 180
381 120 183
381 155 207
381 166 182
381 190 220
381 192 195
381 196 203
381 209 217
381 233 189
381 238 185
381 246 218
381 261 197
381 267 201
381 284 199
381 294 219
381 335 217
381 371 213
382 17 201
382 72 201
382 76 187
382 162 193
382 166 194
382 182 213
382 192 198
382 201 204
382 211 199
382 217 216
382 244 203
382 258 216
382 303 191
382 308 210
382 311 213
382 356 192
382 360 204
382 363 197
382 366 210
382 369 206
382 389 184
382 399 196
383 3 187
383 8 197
383 19 206
383 30 198
383 33 183
383 65 184
383 169 203
383 183 210
383 200 214
383 204 188
383 213 210
383 238 201
383 246 217
383 248 192
383 269 206
383 283 197
383 314 192
383 334 204
383 349 201
383 371 220
383 384 195
384 23 201
384 49 200
384 63 213
384 67 180
384 94 203
384 95 180
384 146 192
384 165 207
384 206 218
384 235 200
384 268 194
384 279 212
384 294 198
384 314 186
384 342 189
384 351 201
384 352 197
384 361 192
384 362 200
384 370 195
385 12 212
385 23 186
385 28 214
385 50 205
385 59 218
385 67 180
385 73 204
385 91 218
385 97 189
385 122 193
385 132 191
385 133 198
385 139 206
385 177 206
385 180 196
385 195 191
385 197 213
385 248 190
385 305 185
385 325 191
385 327 191
385 351 213
385 358 192
385 399 218
386 38 202
386 68 180
386 77 197
386 85 184
386 98 218
386 103 199
386 123 195
386 126 187
386 139 181
386 170 180
386 178 215
386 186 183
386 219 192
386 228 208
386 243 190
386 271 182
386 282 193
386 301 185
386 325 190
386 327 186
386 363 187
386 383 187
387 0 206
387 21 190
387 25 213
387 48 184
387 54 184
387 59 190
387 102 186
387 133 198
387 138 189
387 175 194
387 188 198
387 191 201
387 222 207
387 223 211
387 239 204
387 274 190
387 293 191
387 317 192
387 320 190
387 327 212
387 336 207
387 376 220
388 15 185
388 27 181
388 36 202
388 51 188
388 57 205
388 155 197
388 156 185
388 222 208
388 226 212
388 230 198
388 231 181
388 257 202
388 266 199
388 314 198
388 323 205
388 325 201
388 329 204
388 358 212
388 360 180
388 367 212
388 369 195
388 372 217
388 384 192
388 395 213
389 15 182
389 28 199
389 31 218
389 61 197
389 65 198
389 99 194
389 100 208
389 127 219
389 145 181
389 158 182
389 162 205
389 177 201
389 179 216
389 182 218
389 193 204
389 201 218
389 207 207
389 213 192
389 218 215
389 221 214
389 223 194
389 227 216
389 244 215
389 268 207
389 299 203
389 336 194
389 378 195
389 393 203
390 20 184
390 28 183
390 37 193
390 39 196
390 54 196
390 66 209
390 104 187
390 113 190
390 122 186
390 162 205
390 175 182
390 193 191
390 198 187
390 232 208
390 251 192
390 257 200
390 263 209
390 275 183
390 288 189
390 313 202
390 315 184
390 316 191
390 327 186
390 393 210
390 397 201
391 9 200
391 46 181
391 59 196
391 123 203
391 125 207
391 138 208
391 160 194
391 195 180
391 197 204
391 203 185
391 231 215
391 263 204
391 273 217
391 284 220
391 288 204
391 291 202
391 316 187
391 317 194
391 343 205
391 355 192
391 379 204
391 396 214
392 5 188
392 29 194
392 98 186
392 101 192
392 102 213
392 145 182
392 196 198
392 207 191
392 235 208
392 244 206
392 264 202
392 270 214
392 333 194
392 368 202
392 388 211
392 393 189
393 28 196
393 34 213
393 53 188
393 72 219
393 83 204
393 90 219
393 125 182
393 128 207
393 163 215
393 179 209
393 182 191
393 205 202
393 210 206
393 273 188
393 282 210
393 299 209
393 324 217
393 340 189
393 343 197
393 362 199
393 399 220
394 55 202
394 60 208
394 95 193
394 122 212
394 130 212
394 141 194
394 143 189
394 173 189
394 174 204
394 234 195
394 239 210
394 258 198
394 287 217
394 291 218
394 306 188
394 385 215
394 391 209
394 398 191
395 2 183
395 4 195
395 30 197
395 36 190
395 45 207
395 61 189
395 68 206
395 74 217
395 124 190
395 125 219
395 135 189
395 139 218
395 143 218
395 152 216
395 164 200
395 170 219
395 176 202
395 190 200
395 193 208
395 221 186
395 241 216
395 268 212
395 270 216
395 273 216
395 276 210
395 277 192
395 279 181
395 289 219
395 293 218
395 309 206
395 310 187
395 312 207
395 330 195
395 348 187
395 377 183
395 394 196
396 64 201
396 129 214
396 162 203
396 164 186
396 206 201
396 230 218
396 236 184
396 241 214
396 266 184
396 280 182
396 291 191
396 313 187
396 322 190
396 377 197
397 17 205
397 31 220
397 55 192
397 82 191
397 111 196
397 113 198
397 139 184
397 163 219
397 209 212
397 235 196
397 240 188
397 252 204
397 258 205
397 264 207
397 285 181
397 316 194
397 323 215
397 329 219
397 339 196
397 379 209
397 392 191
398 7 217
398 9 205
398 70 182
398 82 219
398 84 218
398 98 216
398 109 205
398 128 194
398 133 220
398 142 197
398 197 180
398 257 203
398 283 197
398 293 186
398 315 210
398 344 213
398 346 212
398 357 190
398 391 184
399 2 201
399 8 215
399 18 210
399 42 191
399 58 183
399 79 190
399 81 185
399 108 181
399 112 218
399 120 180
399 131 192
399 182 192
399 191 198
399 258 214
399 261 217
399 262 193
399 276 214
399 289 212
399 305 215
399 343 219
399 363 189
399 374 200
399 385 214
