60
0 35 30
2 26 30
2 29 31
2 31 29
3 7 29
3 14 30
3 42 31
3 49 31
3 59 28
5 2 27
5 18 29
5 49 30
5 52 31
5 56 33
6 42 27
7 22 33
8 1 30
8 13 30
8 16 29
8 27 27
8 28 33
8 37 31
8 51 33
8 58 33
9 12 33
9 16 33
9 28 28
10 26 32
10 34 32
11 58 27
12 38 27
13 2 33
13 7 31
13 8 31
13 41 28
14 8 27
14 17 30
14 22 30
14 37 31
15 14 28
15 28 31
15 48 31
16 2 28
16 4 30
16 5 32
16 38 29
17 31 29
17 34 28
17 41 32
17 42 30
17 46 32
17 47 33
17 49 27
17 51 28
18 22 31
18 24 30
18 25 32
18 29 29
18 39 29
19 7 32
19 22 33
20 16 31
20 22 32
20 26 28
20 42 31
20 57 30
21 43 32
21 45 30
22 5 27
22 7 27
22 28 33
22 31 30
23 18 32
23 24 27
23 37 33
24 2 33
24 34 30
24 40 27
24 54 28
25 1 28
25 29 29
25 31 33
26 8 30
26 17 27
26 31 29
26 35 27
26 42 29
26 56 27
26 57 29
27 21 28
27 35 29
27 49 31
28 18 27
28 19 28
28 21 32
28 58 30
29 40 32
30 50 27
30 55 29
31 47 33
31 52 28
31 58 29
32 22 29
32 38 29
32 51 29
33 6 30
33 17 31
33 29 31
33 32 28
34 4 27
34 24 31
34 54 30
35 13 30
35 16 30
36 2 33
36 5 31
36 24 31
36 26 30
36 42 33
36 52 31
37 10 28
37 45 27
37 47 28
37 50 31
38 16 30
38 34 29
39 31 27
39 49 32
39 50 31
39 51 29
39 58 32
40 11 32
40 22 27
40 50 29
40 52 30
41 12 27
41 20 32
41 42 32
41 49 28
42 36 30
43 14 33
43 33 33
43 58 30
44 15 30
44 26 29
44 28 29
44 41 30
44 54 28
45 8 28
45 10 31
45 27 30
45 28 28
46 4 29
46 15 28
46 21 31
46 58 27
47 30 32
48 26 31
48 36 32
48 38 28
48 45 27
48 54 31
49 13 33
49 55 32
50 1 27
50 12 30
51 8 32
51 21 28
51 29 31
51 40 32
52 42 27
53 16 29
53 56 33
54 8 30
54 11 32
54 23 32
54 49 28
55 14 30
56 8 28
56 10 27
56 12 30
56 21 32
56 39 30
56 57 30
57 1 30
57 17 33
57 35 29
57 40 32
57 44 27
57 46 31
58 23 31
58 27 29
58 33 33
58 44 31
58 46 30
58 57 29
59 25 32
59 45 31
